100
711627117 647900970 410545712 779674134 824056694 92132780 800133985 849805538 852192133 982788499 686232468 122454364 397716199 230693675 595095600 664318823 842232411 180253279 468134650 49991178 193139207 326643951 119614139 721566937 413683151 561818145 206613737 743252279 702955243 192976885 590349357 114713108 422674162 886030693 508111689 64677681 420451825 78162661 540323684 544015965 859628044 85074120 219201362 380624972 223390197 914526620 500501767 585587769 67894718 48674268 747030131 37734393 885473664 122389702 187664075 663293554 999160579 830870453 693547193 154443357 340255677 836421574 71649579 336955816 717201102 697887881 591748663 36250767 584911893 414114836 348594261 188516473 669542139 306615248 11945650 929833631 431715803 880807089 218046092 788397289 216655364 825785058 427269186 534521238 984851909 547642802 110762022 576439700 197362005 69194068 968846523 366920092 390825932 163965240 175075705 132383185 438768706 314847551 851996803 357654036
17 26
17 81
17 28
17 67
17 48
17 49
17 56
17 68
17 16
17 97
17 40
17 73
17 70
17 92
17 58
17 46
17 85
17 35
17 95
17 8
17 45
17 51
17 100
17 63
17 90
17 23
17 20
17 19
17 47
17 42
17 99
17 59
17 2
17 34
17 86
17 11
17 38
17 50
17 32
17 89
17 9
17 12
17 74
17 57
17 24
17 1
17 83
17 21
17 71
17 4
17 7
17 62
17 66
17 25
17 52
17 72
17 43
17 55
17 5
17 14
17 61
17 96
17 91
17 36
17 93
17 29
17 75
17 41
17 64
17 94
17 65
17 78
17 13
17 27
17 82
17 33
17 80
17 39
17 76
17 60
17 3
17 15
17 53
17 44
17 37
17 88
17 30
17 79
17 77
17 6
17 84
17 54
17 87
17 10
17 69
17 22
17 18
17 31
17 98
