100
55 24
24 49
41 98
76 20
55 13
77 33
94 84
48 86
75 38
53 29
77 11
95 38
27 4
21 79
17 35
26 98
92 17
53 61
44 37
29 42
72 48
72 57
12 79
66 59
8 56
95 16
88 51
68 39
53 56
31 24
72 70
86 93
7 31
72 63
55 27
62 55
3 73
15 70
98 80
94 14
12 8
40 21
79 32
40 84
66 54
18 38
20 87
67 47
49 56
79 9
4 45
23 43
24 61
43 33
39 41
37 71
89 67
3 80
25 94
57 12
86 75
6 72
60 50
88 22
39 23
14 100
98 96
36 23
21 18
12 34
91 68
90 84
54 19
91 100
56 45
64 90
100 100
83 98
2 68
50 89
32 42
100 35
70 48
9 93
18 46
29 49
60 47
62 97
69 54
92 73
78 82
74 18
63 82
7 82
91 84
98 69
28 14
80 31
26 79
12 54
