500
68 66
66 4
92 84
34 26
59 38
60 40
1 96
81 73
60 14
84 25
43 57
49 55
10 30
58 9
5 71
19 43
56 62
38 38
66 90
39 38
22 50
87 59
73 21
65 33
49 61
73 10
19 75
62 29
23 78
61 54
72 53
6 33
18 26
75 12
85 94
70 37
83 94
15 43
68 44
28 97
59 88
11 8
82 29
29 30
52 23
74 30
8 33
31 39
24 25
66 62
49 24
1 17
26 1
32 4
77 66
78 27
10 55
95 97
2 71
82 26
19 28
24 44
33 14
54 75
39 16
2 45
73 36
98 99
3 7
99 16
66 39
59 99
21 67
98 16
71 79
73 88
63 9
48 94
16 19
3 63
93 61
70 30
64 58
58 64
36 1
46 55
13 13
100 42
99 68
21 30
29 58
89 87
79 88
81 52
10 90
51 44
84 71
100 33
55 9
25 5
28 19
52 85
89 1
22 68
37 67
3 100
40 66
48 74
8 99
91 1
44 100
30 81
27 6
40 65
81 93
67 22
44 60
6 54
53 46
40 15
13 100
53 67
15 31
57 59
45 42
27 88
25 65
41 34
50 25
23 29
12 59
22 49
48 52
94 2
15 97
82 57
41 44
74 10
77 59
47 37
17 74
24 12
100 43
7 24
4 87
39 27
49 56
27 26
68 62
60 84
95 52
9 30
5 1
90 48
55 22
58 100
61 13
87 49
1 36
48 35
12 62
51 50
2 41
34 67
65 80
48 23
75 81
24 98
54 18
86 41
35 8
13 1
31 32
21 26
64 20
6 37
67 4
50 37
26 1
49 20
26 26
48 5
62 51
93 67
78 17
73 63
53 30
36 27
80 89
76 87
80 92
78 84
90 74
94 32
85 17
82 68
65 19
82 60
21 92
3 27
57 32
100 57
9 74
39 51
75 99
30 64
33 41
77 65
73 28
9 6
59 19
63 57
27 32
21 62
79 13
9 9
80 47
73 29
57 35
90 12
94 68
69 94
85 20
97 82
27 37
95 31
77 52
49 28
85 44
3 69
23 54
80 10
37 36
67 1
62 25
96 94
66 73
67 19
12 74
86 3
62 100
21 81
62 17
54 59
33 20
15 62
23 8
58 7
67 46
71 47
97 38
4 76
66 34
82 57
41 71
43 86
55 42
53 81
56 84
97 5
11 79
24 22
56 71
21 78
83 79
48 69
89 95
28 39
15 76
51 62
61 75
29 29
72 1
8 42
37 12
38 45
18 49
29 39
40 9
95 94
22 71
28 24
59 10
89 37
96 36
19 72
89 77
4 51
91 47
64 10
27 25
58 75
64 52
81 47
26 52
13 6
31 23
39 36
67 1
66 76
16 23
70 2
93 29
29 61
98 73
89 16
19 68
54 50
37 36
66 46
38 99
93 57
84 66
100 64
96 2
54 49
64 73
15 48
87 51
28 20
47 75
48 3
47 8
97 17
61 61
32 63
28 99
4 7
70 9
57 99
61 10
26 9
99 65
97 74
22 69
83 69
40 52
26 32
29 35
16 88
59 87
31 59
81 9
98 11
69 10
88 86
89 62
68 56
45 94
87 19
89 4
81 4
47 24
34 17
95 22
36 8
71 51
40 59
83 69
36 66
1 19
9 64
78 17
52 2
26 42
85 8
95 51
27 91
4 61
86 46
90 47
34 78
87 95
7 64
61 96
86 60
88 66
79 57
16 18
22 22
80 3
46 14
84 63
16 55
76 18
70 23
24 84
61 65
80 45
13 53
4 34
82 94
24 99
76 74
1 35
27 74
68 59
65 72
49 6
46 43
2 96
11 25
64 67
37 76
81 26
89 61
28 76
38 39
1 69
69 25
92 39
23 56
32 3
31 32
13 82
93 86
6 48
23 73
58 79
83 33
18 97
44 87
60 4
24 95
71 96
18 92
81 71
30 70
77 90
36 100
77 93
8 3
99 53
41 22
41 73
40 61
23 40
23 17
46 19
78 83
74 8
78 94
93 12
87 57
54 16
53 76
21 83
31 44
33 24
7 15
11 99
10 70
26 2
62 80
64 24
27 69
29 16
69 17
35 21
67 55
75 32
31 27
32 56
46 85
70 6
47 31
43 50
54 57
64 59
54 37
99 12
62 36
8 79
52 73
9 48
14 28
58 14
50 92
50 40
31 91
11 96
30 67
27 91
3 67
76 27
39 91
33 69
74 84
81 18
70 15
53 90
90 41
99 21
69 7
78 57
4 51
42 44
33 42
79 29
11 67
