800
31 52
83 51
82 28
63 54
65 34
55 44
9 53
31 13
23 30
83 60
46 86
24 59
22 45
39 64
65 1
26 100
73 68
91 55
29 17
14 23
44 50
92 22
46 82
75 75
61 37
16 64
26 60
43 65
3 56
1 8
26 60
23 30
35 40
44 87
73 56
23 36
21 23
34 41
7 36
66 6
80 84
91 42
73 34
33 46
61 81
79 54
62 5
15 79
91 81
27 34
14 73
44 51
13 62
39 98
33 16
17 41
23 83
89 89
85 76
36 99
13 82
87 38
49 83
38 2
18 95
76 15
53 33
5 17
9 61
45 38
43 55
26 1
47 38
68 91
76 59
50 73
70 77
85 36
53 68
96 47
16 75
77 58
49 34
60 57
8 80
56 99
83 98
81 65
99 17
66 3
32 54
13 94
30 48
29 12
19 84
91 73
42 81
10 35
71 90
27 89
91 85
8 20
3 81
80 21
64 55
53 11
2 73
45 89
78 12
77 54
41 71
42 75
45 8
18 31
67 71
46 95
7 38
41 29
70 46
48 81
69 93
28 85
39 22
27 39
40 1
12 55
52 51
54 24
4 49
11 50
70 68
53 67
58 72
72 82
48 32
87 10
45 85
27 81
21 94
78 48
11 8
53 77
50 94
68 85
100 80
84 27
68 32
25 96
62 22
100 65
64 78
79 72
54 29
39 38
65 57
47 38
26 76
66 66
98 98
42 19
16 43
67 79
29 59
71 18
37 35
14 99
18 3
32 70
45 37
18 11
10 100
33 88
60 61
74 20
2 58
68 43
12 77
7 4
59 45
82 73
61 5
89 15
34 34
20 47
87 1
57 74
46 87
95 18
42 33
15 34
79 91
4 72
5 84
29 92
70 94
34 78
32 42
22 42
45 66
46 31
72 20
73 44
59 72
92 78
23 40
92 28
36 77
86 52
60 64
90 48
3 64
50 47
54 84
89 41
75 25
88 94
30 30
72 48
83 34
12 32
73 57
41 56
77 65
46 49
9 35
70 6
68 33
38 8
33 6
11 83
99 35
38 74
82 27
22 97
74 12
80 69
87 44
15 11
77 20
85 74
68 79
38 7
27 77
46 42
21 36
71 76
51 65
100 70
98 9
92 84
35 14
70 98
98 69
21 81
96 84
13 33
4 4
95 68
10 28
52 18
4 5
60 92
72 34
26 95
89 25
32 53
53 91
91 65
59 43
21 51
27 79
18 70
46 87
25 31
93 36
47 67
30 36
89 52
60 34
3 55
15 22
72 62
17 90
31 94
88 11
100 42
41 55
73 25
32 98
14 43
11 47
88 21
44 45
35 47
17 74
5 83
73 60
51 48
46 66
35 78
30 70
65 26
53 19
6 54
74 97
74 24
45 64
3 86
1 69
73 15
67 73
80 21
72 12
27 29
34 51
65 64
24 9
8 81
32 60
68 94
26 56
57 92
3 52
7 46
28 99
9 23
57 90
82 100
21 37
31 37
60 17
1 86
79 71
49 6
30 52
3 38
17 63
40 74
14 87
8 14
25 73
49 89
34 85
13 38
74 3
62 44
83 36
83 70
27 78
24 85
94 28
24 4
47 7
31 92
81 61
56 77
19 59
43 31
95 71
18 16
38 75
35 31
28 40
81 76
1 30
97 51
42 66
10 30
93 82
1 4
63 50
74 45
29 43
71 43
82 70
32 44
34 65
62 28
48 24
27 8
15 69
98 15
21 87
18 44
9 44
1 70
20 82
33 31
2 7
97 31
45 56
46 17
3 18
11 70
74 39
45 76
79 66
73 18
63 84
30 64
21 98
45 58
61 66
4 58
32 95
82 27
77 26
17 65
16 55
69 79
96 91
65 88
59 6
69 88
17 83
51 16
60 86
44 26
47 86
15 97
89 57
64 16
68 6
98 77
31 81
39 10
44 73
37 22
43 83
86 70
81 64
80 58
61 99
33 53
69 22
20 82
54 41
68 41
72 77
16 96
90 3
26 97
6 100
81 10
76 74
6 59
5 85
62 21
12 94
76 53
59 62
88 21
15 51
20 41
61 23
28 12
83 13
25 3
72 92
40 41
72 66
93 95
91 43
67 27
76 87
7 68
9 78
18 41
22 14
92 44
19 30
71 24
67 53
72 98
64 52
42 70
32 12
91 72
8 28
41 81
41 59
92 29
86 93
57 77
45 83
78 73
73 53
99 66
24 91
63 45
52 86
100 69
62 44
100 56
42 15
72 48
7 24
92 50
31 99
88 75
23 82
78 87
6 37
47 66
92 81
56 32
97 10
36 52
37 25
15 54
21 65
98 13
66 92
61 10
92 24
11 54
37 19
79 68
90 71
20 99
88 24
23 95
20 17
15 9
60 26
92 53
70 71
3 86
65 27
17 2
16 25
69 17
45 15
14 31
95 64
27 95
23 17
76 26
60 29
84 54
4 82
63 65
30 24
94 49
79 32
27 27
68 79
3 56
56 49
61 22
75 47
60 74
24 82
58 83
40 76
33 22
86 5
99 96
79 62
65 68
56 100
53 84
85 61
42 72
61 95
8 82
61 41
96 47
23 19
57 97
22 20
59 70
66 18
3 88
59 49
89 7
72 28
35 39
80 55
97 52
80 43
22 95
65 38
59 30
69 47
78 34
100 8
84 38
27 16
40 64
60 15
65 80
76 80
45 36
78 52
91 64
33 53
55 36
82 10
23 17
20 45
37 6
42 12
86 24
51 66
52 66
75 1
43 13
39 38
1 46
80 91
45 81
12 11
76 33
49 31
52 91
32 16
30 73
25 18
38 35
87 33
11 36
22 30
23 34
87 97
31 30
4 52
71 88
46 69
75 52
73 37
97 96
10 39
34 63
41 50
22 58
89 66
88 19
46 14
12 57
90 70
75 10
85 26
60 10
86 47
40 74
69 71
8 20
15 55
85 86
95 92
30 45
79 12
8 54
95 46
64 80
69 21
91 66
19 85
83 64
91 27
47 1
99 18
22 32
56 56
97 70
80 87
68 30
31 44
38 78
8 47
2 77
82 35
99 21
49 87
2 2
17 21
71 40
91 47
16 55
53 5
69 23
29 15
99 23
35 9
25 33
71 59
84 18
22 88
15 62
62 72
27 65
98 63
53 99
49 33
50 75
87 27
29 52
77 93
57 76
17 98
78 10
76 7
99 85
59 74
91 48
51 58
61 61
63 73
48 49
21 69
39 3
23 96
58 59
92 75
10 61
88 39
10 26
25 94
90 33
3 21
11 5
91 8
66 80
74 63
75 22
43 42
50 25
36 14
88 91
25 2
67 79
39 58
51 71
12 61
77 86
55 82
88 17
91 25
47 36
60 36
45 13
22 98
59 88
70 65
47 62
59 12
3 73
65 83
96 66
54 67
92 97
44 1
36 44
47 66
25 79
40 58
79 8
82 59
35 38
15 59
41 19
33 33
55 55
91 4
54 17
68 10
93 96
92 26
79 63
50 51
7 93
62 53
91 95
69 90
34 18
77 97
90 4
9 67
92 67
94 90
38 22
6 70
65 25
3 18
71 58
45 33
69 45
75 1
96 9
5 62
54 33
88 30
87 78
23 75
31 4
84 31
33 86
66 57
15 24
