1000
33 88
97 12
56 62
27 60
99 40
32 94
67 42
50 42
75 46
86 51
71 74
8 35
41 15
100 81
1 38
41 9
53 34
30 39
30 72
22 40
50 29
54 69
10 69
16 54
17 12
71 67
48 88
85 61
1 25
22 79
85 47
87 80
32 89
82 2
77 22
59 9
22 6
29 41
23 91
60 88
48 19
48 24
82 87
70 44
62 14
19 72
80 65
48 38
100 98
76 100
34 93
52 72
49 89
63 92
51 98
4 50
85 66
75 20
3 78
99 73
89 93
89 36
47 100
14 46
22 2
96 43
77 98
96 98
93 83
50 81
7 10
23 2
76 30
36 2
76 78
64 66
17 34
46 83
41 18
53 91
51 80
38 92
64 96
82 75
80 79
15 7
99 31
79 52
96 47
73 81
3 87
27 74
9 38
100 14
41 36
91 5
49 100
17 91
36 60
62 57
62 2
2 34
85 43
60 69
61 66
47 43
76 13
46 13
58 69
11 95
69 14
88 11
46 95
75 42
48 39
84 98
1 94
58 51
79 80
59 58
9 1
90 34
54 89
90 32
73 65
72 85
43 79
32 58
13 24
9 27
63 95
39 58
19 21
61 16
74 45
89 24
63 98
7 6
48 11
72 81
21 67
45 14
44 76
63 8
90 37
44 25
71 79
15 81
99 87
91 72
47 14
16 13
33 52
14 50
81 76
73 9
68 89
68 32
85 73
59 49
48 64
82 76
70 100
3 68
48 41
74 93
37 6
6 53
15 26
53 4
13 22
88 11
92 78
53 51
20 37
67 65
26 66
29 79
69 56
41 29
91 61
98 67
27 40
51 5
99 39
14 95
28 15
46 87
65 17
82 77
8 11
10 67
78 65
35 97
96 37
13 13
45 76
17 92
29 51
23 23
73 14
84 59
30 72
46 2
13 88
12 35
21 82
10 57
57 91
45 15
7 26
93 82
69 63
28 67
89 48
1 100
8 24
37 87
87 97
20 33
85 60
21 77
16 49
40 92
59 80
77 58
77 89
69 8
81 5
48 40
62 96
88 81
39 9
2 87
24 66
65 1
65 35
70 87
54 37
67 92
21 75
23 38
27 41
77 60
68 95
80 100
72 29
22 28
73 2
12 89
41 100
42 40
15 77
59 29
38 86
57 47
73 45
12 72
88 53
43 7
62 56
24 23
58 82
61 20
100 79
56 20
58 97
23 47
45 75
89 58
21 72
86 96
9 42
58 9
84 10
31 49
44 53
41 60
7 55
31 48
28 97
58 44
36 94
49 57
78 43
55 21
18 60
15 84
18 24
7 44
97 18
61 7
70 10
56 45
8 99
88 17
3 89
14 31
64 74
10 25
28 86
90 40
54 18
38 41
81 63
54 35
13 18
51 2
100 49
49 46
19 63
92 53
47 67
78 9
50 15
80 24
66 82
14 5
11 97
78 67
42 88
87 77
7 24
15 73
7 86
25 46
84 53
33 58
12 84
3 40
49 5
25 5
75 7
76 26
82 39
34 19
34 84
92 6
69 32
72 52
77 73
69 9
80 91
25 82
71 59
70 88
92 20
73 10
42 6
71 7
38 64
82 83
10 28
8 70
88 43
14 36
93 31
60 73
68 16
36 12
20 31
57 7
37 79
57 96
91 29
25 37
75 37
71 85
19 71
60 1
54 38
99 70
23 8
38 43
82 21
77 20
95 97
76 57
67 97
87 50
69 82
48 50
30 64
66 100
31 37
42 72
23 10
51 31
36 88
54 99
53 72
36 90
100 53
43 6
64 67
88 71
80 9
38 74
43 71
20 80
98 96
78 4
49 2
42 13
81 9
57 33
48 48
67 45
14 77
22 3
15 12
66 32
41 52
72 97
99 95
19 30
18 30
85 60
99 36
21 11
32 66
26 75
22 80
2 52
40 66
30 55
71 27
4 75
25 84
10 100
25 79
60 69
90 17
92 37
23 23
7 61
36 47
41 61
89 33
12 60
100 7
14 34
19 76
23 83
58 88
70 12
81 21
63 28
55 38
51 8
86 80
73 80
36 30
34 89
59 47
22 66
73 95
99 2
63 85
63 71
93 34
33 88
36 54
8 45
18 90
68 54
84 19
80 17
2 32
63 71
2 83
66 22
57 93
72 18
74 9
92 23
80 76
39 82
66 26
73 31
23 33
100 46
94 61
13 75
53 23
99 78
87 17
25 73
43 24
37 4
35 26
22 21
72 18
99 66
54 8
82 96
22 8
30 38
51 19
89 61
68 47
32 66
53 51
43 44
88 16
66 74
29 73
24 29
30 66
22 26
50 88
70 67
64 52
59 25
67 25
90 51
6 50
20 43
97 90
78 51
95 2
17 41
98 91
77 19
68 25
17 2
49 19
80 63
86 3
94 47
40 10
76 80
2 94
81 98
1 24
2 20
95 2
82 14
46 3
48 1
45 8
86 61
10 51
15 88
9 70
33 13
73 13
35 51
17 38
22 24
73 22
49 93
25 25
92 53
100 23
75 2
89 8
49 56
86 39
39 4
29 31
3 74
62 69
74 83
77 15
48 45
7 66
82 97
44 65
33 86
64 21
56 60
79 82
55 20
77 8
48 94
4 100
76 86
82 29
87 13
85 79
33 74
90 85
75 41
57 84
59 25
87 32
24 77
56 43
34 1
23 55
54 53
37 25
12 20
90 67
86 44
34 69
70 22
76 43
11 2
64 44
90 77
64 59
88 38
76 21
8 39
79 30
2 20
35 10
71 78
41 14
48 73
2 19
76 15
42 59
1 100
54 40
24 13
78 89
79 23
79 13
72 78
37 6
29 78
56 94
90 45
4 92
78 13
67 65
93 90
33 85
61 71
43 42
55 93
76 10
25 67
19 83
59 20
67 16
24 37
64 27
91 26
43 98
44 79
46 18
3 38
94 55
90 55
13 73
94 34
9 74
43 65
4 84
95 5
20 82
98 69
52 46
97 61
48 44
3 69
58 69
88 78
91 100
29 86
60 13
33 12
47 47
25 62
20 97
1 92
6 43
31 63
20 91
42 95
28 94
73 7
95 95
80 24
14 25
53 49
56 64
40 51
67 58
50 13
24 1
92 48
84 60
61 3
25 80
10 55
49 4
14 15
93 9
66 10
58 97
90 100
77 29
48 23
72 89
32 35
36 90
96 86
54 20
4 65
17 97
71 2
43 87
22 57
100 97
31 39
72 20
97 91
99 35
37 98
48 85
29 31
82 38
85 20
90 22
78 47
1 79
68 55
75 67
32 61
36 45
70 42
7 92
59 17
55 96
88 70
95 79
26 84
68 23
87 53
5 24
62 16
4 86
36 4
11 97
4 65
69 73
49 26
18 40
36 17
88 55
18 10
91 83
42 76
22 34
76 50
77 58
71 34
86 32
9 11
7 89
34 56
41 28
78 86
68 74
68 88
73 52
19 64
45 7
23 9
64 7
77 36
100 96
75 14
47 37
10 63
49 70
83 94
86 22
78 71
57 69
29 76
21 98
42 24
17 48
69 63
86 41
27 92
23 3
95 18
23 13
42 67
60 29
22 77
28 43
60 89
65 68
2 50
61 85
35 38
75 53
73 75
21 37
6 2
61 80
58 20
34 39
53 16
39 70
63 85
77 47
37 64
62 33
44 63
37 84
50 81
23 21
95 9
62 58
40 55
18 23
27 76
13 60
66 71
51 27
4 30
29 40
99 24
21 98
68 57
43 33
6 68
53 19
28 2
71 62
32 42
69 36
88 7
79 14
69 69
28 60
59 71
71 41
29 92
13 77
25 33
82 80
65 95
95 35
45 46
56 63
38 77
69 6
85 8
17 65
58 41
39 6
28 87
39 70
59 80
39 100
37 46
10 21
90 84
91 70
50 75
78 73
4 62
68 30
49 71
100 15
51 85
38 72
48 98
1 92
87 36
9 26
92 66
71 17
93 9
49 92
29 25
86 47
13 33
28 95
100 93
15 99
89 56
46 59
45 12
40 14
4 58
68 25
71 33
75 8
74 79
78 27
67 37
98 56
20 76
11 25
30 37
84 57
56 88
48 92
63 46
92 32
97 10
70 22
72 51
57 32
41 81
12 14
9 15
32 32
94 45
13 19
9 99
93 43
77 52
59 7
88 31
10 94
98 29
50 100
14 92
75 55
78 70
32 8
74 55
50 75
20 70
13 40
89 7
4 42
5 44
88 59
81 82
17 46
24 13
13 72
97 81
17 49
6 81
14 24
86 45
70 64
23 80
18 65
84 30
82 2
79 16
44 39
3 85
84 65
68 8
4 70
91 58
99 28
26 48
45 21
4 87
26 1
16 63
55 87
78 21
14 86
62 5
98 50
16 12
70 51
82 54
54 72
16 13
36 95
97 77
89 78
89 73
69 34
26 20
30 17
44 9
54 35
62 83
69 97
53 58
91 63
43 96
65 21
44 21
15 41
45 26
55 97
78 95
69 93
93 10
90 42
70 59
4 32
13 88
2 64
99 12
22 44
95 61
68 58
11 96
