1000
61 7
13 68
48 90
94 48
41 77
91 91
74 30
7 66
18 44
6 23
5 84
55 40
87 100
27 47
89 99
79 90
100 89
19 53
90 70
4 39
48 68
75 42
63 41
96 72
46 28
85 63
66 90
18 37
25 100
93 44
85 57
37 40
21 85
90 6
55 70
90 14
69 56
17 81
54 64
81 51
6 78
6 5
40 96
93 29
22 29
18 63
61 59
33 14
98 73
71 7
49 92
98 76
48 31
47 65
42 67
3 77
28 83
1 31
68 68
36 4
95 80
20 82
14 86
42 55
21 48
27 99
13 91
35 25
24 98
96 86
71 81
67 39
62 88
14 91
5 83
68 39
42 86
93 78
56 63
73 19
98 45
28 98
52 95
97 97
80 54
70 63
65 64
92 62
75 34
57 84
20 63
54 97
16 28
94 55
96 12
19 57
84 9
75 40
84 67
86 68
72 36
29 85
77 59
52 75
99 78
39 1
76 39
7 81
47 90
72 5
6 55
42 92
100 47
16 79
27 5
6 49
36 8
67 19
29 87
62 63
97 76
51 72
3 56
69 57
11 7
87 65
55 80
57 24
38 68
10 52
34 40
12 88
97 79
71 87
55 3
78 55
28 42
87 49
57 73
52 74
58 16
55 10
25 88
63 48
81 82
16 23
13 25
1 7
56 96
87 38
54 77
9 26
90 48
22 100
8 17
92 58
19 34
75 62
6 62
88 31
67 31
97 72
47 42
8 79
25 88
70 67
45 17
21 51
10 78
50 56
67 74
85 32
18 39
15 38
4 6
41 19
62 60
38 67
4 22
6 42
77 32
26 17
15 65
1 43
10 5
94 66
23 92
87 57
5 89
98 24
72 12
77 44
84 74
27 65
43 89
33 68
14 39
5 28
20 11
48 53
59 97
75 53
80 24
1 67
88 39
4 40
38 36
74 83
24 88
24 74
37 77
10 45
82 10
52 39
74 90
24 85
10 95
2 4
52 75
25 43
78 97
44 79
56 1
95 70
60 26
95 64
68 49
25 54
5 100
68 14
3 81
8 5
85 86
67 68
63 54
33 47
28 40
22 78
94 55
84 35
84 77
6 3
38 98
59 64
3 53
87 18
74 41
25 52
8 9
98 15
30 26
19 12
60 52
96 87
41 81
98 21
11 31
7 10
57 45
5 4
86 81
85 79
31 94
11 41
9 6
3 88
46 75
70 56
73 60
28 61
13 59
26 92
81 84
51 74
7 47
51 24
85 66
55 19
16 84
50 31
58 62
11 43
61 62
6 60
10 87
38 31
27 92
65 2
8 82
73 61
58 20
3 57
81 87
96 13
94 18
5 7
13 30
43 20
36 72
61 41
39 93
43 83
24 35
24 85
5 38
98 78
15 94
81 55
42 2
84 93
100 1
8 98
58 17
5 88
20 61
27 57
96 45
49 74
51 4
100 77
15 54
9 70
74 82
19 69
9 86
58 96
29 92
84 31
43 81
25 1
17 16
63 30
34 31
10 19
100 52
28 98
74 85
72 16
31 38
31 26
100 61
11 73
6 33
62 29
54 26
17 96
27 71
48 79
90 52
79 84
41 60
47 57
15 66
41 90
41 2
5 99
87 56
71 34
48 28
14 70
26 27
92 78
34 96
81 100
2 39
48 42
61 87
26 70
32 14
57 99
9 75
38 85
3 92
47 76
94 56
1 40
33 23
91 5
18 79
96 69
92 46
95 27
30 31
3 17
96 54
25 13
84 82
38 49
91 14
23 96
84 43
95 86
98 97
28 21
68 90
69 44
97 70
62 89
91 80
91 1
75 76
75 49
73 40
2 87
54 21
82 83
18 57
99 77
71 40
34 82
59 69
100 87
9 5
93 39
27 70
2 51
70 51
30 14
26 75
75 83
34 85
74 76
36 2
82 84
4 55
19 38
59 61
86 23
56 13
90 56
35 84
71 12
20 46
34 87
53 96
28 79
92 87
8 17
95 5
64 96
38 56
65 42
50 55
19 26
14 59
23 83
72 9
17 23
47 57
93 98
6 50
30 73
9 16
11 77
54 77
78 37
99 98
13 84
15 59
42 98
53 27
62 51
44 71
19 66
94 10
17 68
62 76
44 25
65 24
6 73
48 74
6 43
21 36
67 62
87 38
32 36
12 9
77 29
49 30
4 36
92 88
58 78
37 42
25 81
66 88
19 82
10 48
44 68
9 11
90 90
44 87
49 86
2 58
25 28
84 35
3 30
71 61
26 31
11 40
78 61
8 95
99 43
59 59
11 55
33 69
12 48
53 64
80 26
67 58
52 92
7 53
49 62
19 4
49 60
69 78
58 27
82 41
83 45
98 56
94 39
28 6
81 71
40 69
98 75
41 25
56 65
70 98
51 19
7 83
99 9
68 3
27 27
46 75
15 2
95 26
4 50
83 94
9 16
7 50
95 9
21 92
6 6
99 81
75 76
29 29
69 33
22 68
85 37
64 100
83 85
27 41
54 27
43 93
45 80
20 10
27 81
92 19
66 71
77 25
97 37
67 72
64 24
55 99
49 100
50 15
63 29
4 10
61 64
87 57
43 81
67 66
99 71
18 60
7 35
93 61
53 16
52 91
23 26
68 85
96 22
13 24
43 26
27 46
32 51
50 21
96 1
85 57
46 32
64 91
99 4
16 90
91 85
67 18
64 85
12 73
96 56
77 93
80 44
6 28
30 68
42 95
53 34
8 38
31 99
19 68
17 64
60 13
13 44
55 21
19 16
33 60
16 49
10 43
7 11
6 35
41 19
56 12
50 86
56 8
45 77
41 38
51 73
18 100
89 2
46 20
12 99
59 38
26 95
4 49
94 87
74 51
30 11
84 39
20 81
78 100
86 45
94 15
45 60
34 76
90 39
39 66
80 47
17 95
83 47
61 93
92 49
91 8
54 42
17 63
28 18
30 78
17 34
72 66
51 64
68 44
62 90
95 99
66 2
44 90
20 71
85 11
69 47
70 52
81 72
83 68
41 82
53 11
46 62
62 43
69 5
64 29
52 15
59 52
41 49
95 5
29 69
80 68
48 93
41 17
65 68
78 16
3 62
33 63
87 38
59 81
74 23
30 74
44 12
96 41
10 82
23 14
2 66
73 45
98 68
43 53
79 88
36 39
8 39
78 21
78 60
5 79
13 61
91 97
76 73
48 33
12 11
57 61
69 44
72 100
66 71
39 87
57 47
15 43
68 17
69 30
40 31
70 100
16 96
86 1
6 55
3 17
9 37
73 62
42 26
46 95
21 98
72 58
44 63
68 5
8 31
53 47
40 59
93 24
88 19
74 80
31 98
28 2
72 51
87 46
99 21
51 37
52 67
28 74
27 69
7 59
26 81
57 57
95 25
51 18
13 35
26 9
55 3
32 67
62 10
55 90
91 60
35 29
83 44
65 82
30 81
81 98
37 37
24 34
47 35
84 68
48 11
13 8
33 64
73 40
99 64
97 21
69 11
46 79
17 72
75 86
96 52
67 97
9 90
14 40
53 40
53 35
38 87
30 68
92 17
91 64
21 56
46 28
39 14
18 42
9 11
47 19
29 97
11 16
67 85
100 68
64 58
19 26
32 82
65 98
7 97
9 93
56 69
84 68
15 18
43 28
13 13
26 25
33 81
83 45
35 78
61 51
64 74
51 24
76 64
31 15
6 77
76 90
78 68
35 15
1 47
88 91
56 77
5 94
71 81
18 92
3 8
31 65
32 24
49 70
67 32
41 55
51 3
62 45
69 90
52 17
66 52
76 19
75 66
68 1
40 21
51 25
35 70
73 71
12 45
21 92
36 49
43 31
2 40
24 26
97 27
52 33
23 90
73 83
42 96
87 84
87 62
3 2
61 12
32 12
97 17
25 53
21 80
65 53
7 15
40 12
82 89
86 42
73 26
12 49
23 41
40 1
44 80
23 74
62 66
83 2
87 39
4 37
23 37
6 34
2 70
85 56
6 55
90 52
2 77
89 82
15 68
96 19
88 11
52 75
47 93
16 100
100 52
94 82
7 99
24 42
99 9
63 99
82 9
74 78
1 31
91 73
57 99
9 30
49 28
90 50
61 2
51 14
68 5
98 55
43 8
38 2
81 45
74 91
56 67
43 67
92 58
83 22
16 48
64 24
27 29
81 63
91 11
22 1
82 17
100 62
100 36
58 39
78 51
14 14
81 52
77 47
27 19
81 39
23 3
91 41
66 21
50 55
92 64
51 16
5 60
8 27
64 57
77 50
74 35
95 27
20 100
49 25
6 91
7 13
36 33
13 78
61 33
77 18
44 97
89 47
58 95
2 73
25 24
71 28
51 48
51 94
72 88
20 14
2 34
65 76
73 78
7 91
63 69
13 88
22 78
22 21
3 74
95 56
41 32
22 73
91 10
53 75
56 94
11 82
16 16
35 75
15 58
58 33
23 46
38 70
2 31
89 20
98 33
37 29
9 68
98 81
90 94
36 15
8 17
73 69
20 2
4 77
32 90
74 28
90 16
