100
10 12
2 4
72 74
58 60
192 194
48 50
46 48
12 14
56 58
166 168
8 10
36 38
26 28
42 44
44 46
106 108
90 92
146 148
98 100
190 192
158 160
136 138
132 134
68 70
156 158
32 34
30 32
198 200
96 98
54 56
74 76
188 190
194 196
116 118
128 130
112 114
178 180
22 24
50 52
172 174
196 198
124 126
164 166
162 164
1 100000
34 36
52 54
134 136
130 132
16 18
18 20
40 42
66 68
176 178
144 146
110 112
114 116
64 66
76 78
168 170
126 128
84 86
94 96
180 182
108 110
78 80
154 156
140 142
122 124
14 16
142 144
148 150
184 186
118 120
182 184
170 172
80 82
152 154
138 140
102 104
174 176
70 72
24 26
160 162
92 94
28 30
38 40
6 8
20 22
82 84
86 88
88 90
120 122
150 152
4 6
60 62
186 188
62 64
104 106
100 102
