1000
1858 1860
668 670
394 396
1030 1032
542 544
300 302
1508 1510
334 336
1006 1008
776 778
1988 1990
1330 1332
454 456
1342 1344
1770 1772
1914 1916
344 346
1686 1688
906 908
1178 1180
1008 1010
1200 1202
1886 1888
652 654
1918 1920
942 944
450 452
1288 1290
726 728
572 574
106 108
96 98
956 958
1966 1968
1260 1262
66 68
1016 1018
1996 1998
364 366
462 464
1788 1790
268 270
1472 1474
502 504
1920 1922
296 298
800 802
154 156
810 812
468 470
1534 1536
1888 1890
1872 1874
446 448
584 586
1820 1822
230 232
790 792
350 352
262 264
206 208
1204 1206
1874 1876
324 326
420 422
1308 1310
862 864
710 712
1640 1642
526 528
1480 1482
506 508
1840 1842
120 122
1744 1746
1218 1220
646 648
1816 1818
28 30
1398 1400
902 904
70 72
1150 1152
1296 1298
1806 1808
1052 1054
1794 1796
314 316
1024 1026
1876 1878
222 224
1896 1898
644 646
1332 1334
1148 1150
1542 1544
754 756
1582 1584
744 746
798 800
866 868
1644 1646
390 392
146 148
614 616
1626 1628
1318 1320
1846 1848
1290 1292
792 794
1716 1718
200 202
1114 1116
54 56
874 876
904 906
808 810
512 514
802 804
1176 1178
1826 1828
1420 1422
1188 1190
842 844
750 752
1262 1264
1912 1914
1404 1406
924 926
1704 1706
272 274
1800 1802
434 436
1604 1606
844 846
1836 1838
152 154
258 260
1892 1894
1866 1868
76 78
714 716
1572 1574
110 112
1248 1250
488 490
1140 1142
706 708
1020 1022
926 928
768 770
748 750
608 610
1022 1024
472 474
638 640
520 522
436 438
778 780
1838 1840
1928 1930
1602 1604
1142 1144
1868 1870
596 598
1074 1076
1942 1944
1346 1348
1662 1664
1038 1040
1306 1308
910 912
402 404
772 774
624 626
1570 1572
1498 1500
338 340
1630 1632
396 398
898 900
1264 1266
1768 1770
1590 1592
1552 1554
1598 1600
786 788
618 620
600 602
128 130
1236 1238
1862 1864
1936 1938
310 312
1568 1570
1382 1384
1904 1906
380 382
1340 1342
838 840
1154 1156
770 772
378 380
432 434
1136 1138
30 32
88 90
1224 1226
1160 1162
246 248
576 578
322 324
588 590
1514 1516
1434 1436
1372 1374
1300 1302
1756 1758
820 822
240 242
1978 1980
428 430
1664 1666
1700 1702
1124 1126
1650 1652
458 460
1222 1224
730 732
1254 1256
1860 1862
1050 1052
1736 1738
1310 1312
12 14
1732 1734
1738 1740
1878 1880
1636 1638
1982 1984
540 542
684 686
700 702
124 126
998 1000
950 952
356 358
172 174
1880 1882
1180 1182
410 412
1622 1624
412 414
1696 1698
1108 1110
78 80
1776 1778
26 28
878 880
286 288
98 100
252 254
632 634
1902 1904
256 258
568 570
1856 1858
1456 1458
376 378
442 444
1706 1708
1058 1060
1464 1466
1138 1140
962 964
48 50
1986 1988
280 282
1884 1886
1964 1966
1546 1548
1766 1768
210 212
1786 1788
44 46
194 196
1474 1476
1366 1368
566 568
132 134
1938 1940
1272 1274
1634 1636
530 532
660 662
1710 1712
1368 1370
1162 1164
1754 1756
496 498
1336 1338
84 86
1234 1236
1746 1748
1314 1316
104 106
1446 1448
952 954
574 576
1454 1456
1134 1136
50 52
490 492
554 556
556 558
1962 1964
1642 1644
522 524
22 24
1730 1732
1032 1034
682 684
822 824
62 64
626 628
1932 1934
704 706
1370 1372
32 34
1588 1590
610 612
1360 1362
14 16
1412 1414
1466 1468
860 862
1426 1428
1352 1354
1358 1360
366 368
1214 1216
1410 1412
1834 1836
854 856
1452 1454
1702 1704
722 724
362 364
552 554
424 426
546 548
474 476
1088 1090
850 852
1190 1192
954 956
1970 1972
1492 1494
718 720
1522 1524
812 814
870 872
1102 1104
1084 1086
40 42
1680 1682
550 552
518 520
604 606
1550 1552
456 458
1152 1154
1166 1168
86 88
680 682
1698 1700
612 614
922 924
1484 1486
1802 1804
1482 1484
170 172
1842 1844
18 20
176 178
156 158
406 408
370 372
142 144
1122 1124
1574 1576
1638 1640
400 402
1692 1694
946 948
1036 1038
1470 1472
1076 1078
1934 1936
56 58
1356 1358
304 306
1198 1200
92 94
1010 1012
1270 1272
948 950
1338 1340
832 834
264 266
784 786
1584 1586
1132 1134
1742 1744
270 272
1660 1662
216 218
824 826
984 986
1326 1328
1096 1098
1760 1762
316 318
1894 1896
1068 1070
1274 1276
762 764
1956 1958
1972 1974
42 44
1328 1330
1086 1088
740 742
1652 1654
1688 1690
1268 1270
284 286
692 694
806 808
1354 1356
708 710
1656 1658
1750 1752
972 974
484 486
1690 1692
250 252
1906 1908
186 188
1808 1810
794 796
2 4
1676 1678
1844 1846
702 704
248 250
1740 1742
616 618
422 424
1558 1560
788 790
1388 1390
544 546
716 718
1258 1260
1778 1780
1186 1188
288 290
912 914
192 194
306 308
418 420
1632 1634
1940 1942
326 328
1416 1418
532 534
1386 1388
1818 1820
830 832
1316 1318
1592 1594
1948 1950
162 164
970 972
504 506
464 466
1378 1380
864 866
1246 1248
218 220
1580 1582
8 10
452 454
1824 1826
328 330
478 480
58 60
1344 1346
1624 1626
1192 1194
676 678
1694 1696
944 946
560 562
1496 1498
1554 1556
226 228
1678 1680
254 256
182 184
1724 1726
1146 1148
290 292
1530 1532
1280 1282
1628 1630
1158 1160
68 70
964 966
1924 1926
94 96
658 660
1512 1514
1796 1798
938 940
1748 1750
1506 1508
178 180
74 76
202 204
1610 1612
1350 1352
46 48
1098 1100
1990 1992
886 888
470 472
1128 1130
1194 1196
648 650
1130 1132
1348 1350
1374 1376
766 768
1958 1960
1494 1496
1066 1068
1168 1170
816 818
514 516
1908 1910
1870 1872
1392 1394
690 692
1460 1462
10 12
804 806
1984 1986
1772 1774
1614 1616
1780 1782
80 82
1890 1892
756 758
1026 1028
548 550
168 170
662 664
1304 1306
60 62
818 820
1774 1776
586 588
1478 1480
1762 1764
890 892
1980 1982
164 166
1852 1854
1104 1106
1500 1502
598 600
934 936
968 970
1118 1120
1276 1278
1468 1470
1116 1118
1684 1686
1714 1716
100 102
220 222
1538 1540
1668 1670
1566 1568
1712 1714
908 910
1450 1452
606 608
1334 1336
590 592
244 246
346 348
1504 1506
1442 1444
918 920
108 110
974 976
940 942
982 984
712 714
992 994
38 40
448 450
1850 1852
1252 1254
6 8
1992 1994
414 416
640 642
634 636
1408 1410
880 882
1080 1082
214 216
24 26
1968 1970
1560 1562
1616 1618
1516 1518
780 782
570 572
696 698
1812 1814
1256 1258
1062 1064
758 760
1292 1294
352 354
1524 1526
1854 1856
1620 1622
1798 1800
1578 1580
368 370
382 384
372 374
1182 1184
440 442
980 982
1216 1218
674 676
392 394
828 830
1648 1650
1208 1210
224 226
538 540
1034 1036
1390 1392
1576 1578
274 276
1672 1674
498 500
232 234
298 300
1974 1976
892 894
1758 1760
294 296
732 734
884 886
174 176
1174 1176
1916 1918
1112 1114
1212 1214
1060 1062
928 930
1462 1464
426 428
914 916
1380 1382
1960 1962
1238 1240
930 932
1072 1074
1322 1324
1100 1102
16 18
134 136
36 38
524 526
846 848
1056 1058
1040 1042
1764 1766
796 798
260 262
148 150
1250 1252
1594 1596
318 320
814 816
282 284
536 538
1232 1234
1544 1546
1422 1424
834 836
1528 1530
1070 1072
1046 1048
1438 1440
1278 1280
1458 1460
1476 1478
196 198
1618 1620
1608 1610
1606 1608
308 310
330 332
1540 1542
1804 1806
374 376
1440 1442
1612 1614
1078 1080
158 160
190 192
882 884
1242 1244
1792 1794
782 784
354 356
1922 1924
1126 1128
52 54
986 988
1600 1602
416 418
1018 1020
114 116
320 322
1014 1016
430 432
836 838
1682 1684
580 582
1548 1550
1286 1288
1520 1522
1994 1996
444 446
1910 1912
1312 1314
636 638
1048 1050
118 120
1202 1204
1444 1446
872 874
1830 1832
1144 1146
656 658
534 536
384 386
528 530
64 66
510 512
1004 1006
1900 1902
508 510
188 190
1324 1326
876 878
360 362
1120 1122
238 240
578 580
966 968
1556 1558
562 564
204 206
340 342
492 494
1418 1420
1430 1432
1282 1284
764 766
602 604
332 334
482 484
1944 1946
1110 1112
1564 1566
774 776
694 696
760 762
1000 1002
1718 1720
1376 1378
620 622
1042 1044
650 652
664 666
1670 1672
1828 1830
1734 1736
896 898
1164 1166
1196 1198
90 92
1722 1724
242 244
678 680
1156 1158
228 230
1266 1268
1 100000
82 84
742 744
494 496
1064 1066
212 214
1302 1304
144 146
1170 1172
136 138
1082 1084
160 162
920 922
1414 1416
594 596
996 998
1402 1404
166 168
900 902
858 860
1536 1538
1244 1246
1448 1450
734 736
958 960
1428 1430
1206 1208
1782 1784
672 674
1586 1588
728 730
1946 1948
1814 1816
688 690
1184 1186
622 624
1044 1046
1562 1564
936 938
130 132
1822 1824
180 182
198 200
1666 1668
1646 1648
116 118
1752 1754
1526 1528
1848 1850
840 842
630 632
670 672
1228 1230
1510 1512
500 502
642 644
976 978
1954 1956
988 990
486 488
276 278
404 406
476 478
848 850
112 114
698 700
1532 1534
654 656
1436 1438
1364 1366
438 440
1432 1434
1926 1928
1898 1900
138 140
1930 1932
1094 1096
1708 1710
1784 1786
1210 1212
1090 1092
150 152
1832 1834
266 268
1864 1866
1674 1676
628 630
1012 1014
1488 1490
466 468
1220 1222
736 738
126 128
1106 1108
558 560
236 238
582 584
388 390
302 304
746 748
1658 1660
1240 1242
278 280
1092 1094
1596 1598
358 360
1298 1300
1502 1504
592 594
1654 1656
1394 1396
1810 1812
1396 1398
1728 1730
480 482
852 854
1998 2000
990 992
1226 1228
1950 1952
122 124
336 338
34 36
1952 1954
292 294
1320 1322
894 896
826 828
20 22
724 726
348 350
1720 1722
408 410
398 400
342 344
868 870
686 688
978 980
1294 1296
72 74
1882 1884
1424 1426
720 722
856 858
932 934
1284 1286
208 210
1976 1978
1400 1402
1790 1792
460 462
1486 1488
140 142
1406 1408
1726 1728
516 518
1518 1520
960 962
1362 1364
312 314
1002 1004
666 668
1230 1232
234 236
994 996
1028 1030
386 388
1054 1056
1172 1174
888 890
752 754
102 104
1384 1386
4 6
564 566
1490 1492
738 740
916 918
184 186
