5000
101 201
91 190
99 190
92 195
13336 13354
95 209
52263 52326
94 208
106 209
4830 4926
98 209
37170 37171
100 200
99 210
100 207
107 206
50275 50340
71126 71160
99175 99262
107 201
104 193
107 201
94796 94832
109 206
91 207
24103 24107
109 196
93 202
103 191
99 197
26848 26849
109 210
98 199
110 210
100 198
28498 28542
25953 25975
97 201
107 199
64529 64595
104 202
103 210
108 199
91 192
952 994
104 192
99 191
97 210
106 205
99 200
105 201
105 190
94 191
97 197
76155 76221
98 193
102 193
105 205
96 207
91 205
90 196
96 200
101 192
100 197
90 193
95 200
95 206
109 201
109 191
31362 31449
105 208
101 198
97 194
100 205
103 198
96 205
57083 57143
101 200
99 205
108 205
107 204
105 204
107 201
91 194
105 197
93 205
8668 8734
94 201
108 198
100 207
96 209
91 205
97 196
93 194
103 204
100 207
93 199
110 196
110 191
108 190
102 201
100 210
109 198
93 193
92 208
61540 61571
50139 50205
109 192
109 196
97 201
42285 42348
84517 84586
29340 29430
85109 85132
96 199
61633 61677
98 206
58878 58917
105 190
107 209
103 200
95 199
104 207
103 207
93 201
90 207
102 202
96 191
99 209
93 190
92 191
98 208
94 207
99 190
71888 71900
104 197
110 194
102 203
106 207
101 201
108 206
90 210
98 190
100 202
53129 53140
31011 31040
92 210
105 207
54618 54685
105 206
96 191
97 198
95 197
96 209
94 195
8892 8900
91838 91912
109 206
91 209
97 192
100 208
94 210
102 194
109 199
22304 22384
106 198
48986 49040
100 193
94 190
84653 84738
99 207
100 196
98 202
110 207
103 191
95 203
99709 99753
100 203
94 209
105 193
97 207
110 202
108 193
94 197
97 197
102 191
7332 7419
105 205
107 203
86601 86673
100 193
103 201
93 210
102 193
94 201
104 204
103 198
102 197
110 201
105 191
24079 24106
100 197
106 199
11828 11852
102 191
110 199
95 206
99 208
41820 41877
35214 35291
105 200
100 193
94 200
32939 33025
99 198
98 191
96 208
95 197
108 194
90 198
109 204
94 196
103 194
96 197
93325 93365
100 191
93157 93236
95 198
92 208
108 209
110 197
90 190
102 201
97 195
103 204
34524 34581
97 190
103 196
96 190
102 205
98 194
106 194
90 208
94 197
103 204
43269 43364
108 210
102 198
107 192
109 203
90 196
107 200
105 203
91 208
91 193
106 207
108 209
104 206
48479 48529
81182 81207
104 200
105 200
47470 47517
110 210
103 205
107 194
91 206
109 199
93 194
97 201
101 198
73295 73332
105 193
96 202
107 200
13541 13618
103 190
106 192
2384 2409
102 191
95 190
91 199
106 200
108 194
110 202
83103 83174
95 205
100 198
95 199
94 198
71052 71130
108 209
98 197
27288 27352
100 201
104 201
101 199
101 207
97 195
104 207
92 208
102 210
16089 16149
79213 79220
95 210
109 190
94 192
101 199
102 196
94 191
106 194
15908 15932
97 210
96 191
108 204
107 203
37287 37384
90 206
93 204
101 193
99 206
96 198
55151 55209
110 204
91 193
107 195
98 192
93 202
10619 10624
62038 62128
91 209
80517 80589
106 203
102 209
98 199
97 197
45456 45468
110 204
91 205
34276 34358
109 200
101 196
104 193
82368 82451
98 195
91 197
90 207
94 210
91 205
99 201
36070 36170
105 210
110 206
26661 26685
12269 12270
98 190
32294 32351
107 205
50496 50565
108 209
108 204
110 194
110 208
101 194
99174 99255
95 191
16970 16997
108 199
92 199
39681 39704
14864 14903
109 199
3103 3121
110 198
105 210
100 202
14940 15034
106 207
3731 3736
95 204
84463 84520
96 204
94 196
102 208
95 190
12595 12633
40361 40418
94 200
97 190
20845 20923
5608 5652
91405 91483
97 202
91 207
95 193
107 195
102 206
108 198
103 192
76988 76997
64376 64458
106 199
96 201
93 198
93 205
108 202
39120 39181
108 195
95 205
89320 89322
99 194
106 202
36453 36481
94 204
98 202
102 193
93294 93327
78422 78452
95 192
41901 41943
101 208
21041 21045
102 206
90 193
101 201
45466 45505
90 209
45875 45920
103 193
100 204
46503 46515
89417 89497
99 207
103 202
94 204
97 198
99 199
95 206
95 203
80044 80062
91 191
94 197
107 202
106 196
102 201
108 196
104 193
104 195
105 202
110 194
98016 98054
105 192
91 192
107 194
104 203
60437 60455
97 190
94 196
107 198
99 197
95 196
106 195
106 200
94 191
91 210
99 204
97 198
98 206
99 206
100 196
101 202
110 206
108 190
90 194
14663 14710
93 192
64655 64660
100 196
105 199
110 190
92 204
110 192
96 205
96 207
92 208
96 191
92 209
95 202
38197 38207
107 204
99 195
51286 51325
102 209
106 204
100 207
107 206
51891 51924
3913 3996
95 204
101 190
106 201
104 191
90 202
90 194
101 199
107 195
100 203
105 208
108 206
90 194
95 208
91 203
109 205
51090 51143
69493 69494
102 210
55362 55367
109 204
104 207
94 205
13373 13464
91 199
108 208
98 191
95 198
97 193
93 193
105 192
109 205
99 202
18038 18136
91 197
105 194
103 190
104 208
93 194
95 209
97 198
97 202
92 197
95 194
104 206
100 192
110 198
98 207
98 196
104 199
99 199
104 202
95 197
91 203
110 201
93 199
98 194
94 196
108 195
103 198
100 191
94371 94390
108 194
105 202
97 207
97 208
97 198
31674 31724
109 206
62444 62483
110 196
104 202
102 210
91 197
109 203
100 193
93 205
101 202
83357 83415
97 195
98 205
101 195
96 201
102 194
90066 90084
106 204
100 198
96 209
105 193
94 197
93 204
92 208
110 205
104 193
99 202
107 191
101 199
103 201
100 197
110 193
97 201
96 194
102 191
90 207
104 203
97 193
10202 10290
105 194
98 200
59977 60054
38348 38421
93 204
7177 7210
100 199
94 208
96 193
92 190
97 209
105 193
93 198
93 210
95 193
105 205
90 196
106 207
13795 13882
99 191
106 202
110 202
99 198
98 201
107 198
108 192
80279 80294
92 191
105 209
92 201
94 190
93 206
92 205
100 193
92 199
9922 9964
92 192
72763 72810
79731 79772
105 203
98 199
58362 58447
104 192
106 195
23680 23717
97 190
94 210
99 206
107 192
96 196
96 196
98 200
98 205
99 196
103 191
24136 24160
96 193
103 205
96 207
104 208
85876 85963
92 198
43406 43493
95 192
93 200
95 208
93 199
99 206
103 204
92 204
106 204
92 190
102 199
6931 6987
106 199
96 197
106 197
91806 91828
104 198
110 210
95 202
90358 90415
88526 88579
93 200
101 200
104 195
96 204
99 191
59738 59823
92 202
101 202
90 201
93 209
6567 6600
109 192
100 208
37591 37683
99 207
103 204
34966 35030
109 208
96831 96867
95 196
93 205
78558 78587
93 205
95 192
95733 95794
100 205
97 196
103 195
100 194
109 192
107 195
100 203
92 190
106 194
95 195
94 207
103 200
28097 28115
2079 2177
109 206
106 197
109 199
20076 20170
105 200
102 205
1631 1716
103 206
110 194
98 192
106 194
92 200
104 198
97 205
94 209
93 197
102 190
96 194
108 193
107 209
95 203
105 192
95 198
11958 12014
99 199
20571 20628
108 196
102 191
101 203
95 207
98 198
1078 1129
108 208
95 207
104 203
87352 87404
95 199
106 190
104 202
110 199
100 197
94 209
103 193
94 198
109 210
90 196
93 206
45945 45977
95 205
97 195
105 194
90 209
48816 48901
102 194
95 197
104 190
13641 13695
34878 34891
98 197
8771 8826
90 207
107 205
99 209
80939 81010
107 198
90 205
93 205
104 190
14457 14500
107 190
100 207
108 193
94 190
106 199
94 193
105 200
97 193
44940 45018
99 199
105 192
195 276
105 207
100 202
64637 64686
110 204
15236 15302
107 202
109 203
51459 51557
63441 63447
98 209
110 193
104 210
104 198
105 210
97 200
20725 20803
90 198
20092 20119
98 199
97 202
98 196
92 196
97 194
103 203
20183 20272
102 210
22326 22378
1168 1240
53400 53415
91 202
104 201
91 195
66591 66625
94 210
107 201
60883 60958
97 206
99 197
5022 5032
90 209
90 190
98 195
93 193
94 193
98 203
93 193
64544 64634
92504 92524
96 195
97 196
96 209
100 197
20865 20947
109 196
108 196
92 204
88329 88386
106 197
103 196
91 194
92 191
104 200
99 201
89355 89372
99 201
92 202
92 203
67736 67777
109 197
99 202
90 199
98 198
33160 33246
109 205
91 209
102 206
106 199
102 191
104 197
95 210
102 196
100 204
100 202
104 201
9796 9882
102 190
95 201
99 200
99 204
94 208
103 200
14759 14817
88552 88629
85155 85180
103 199
98 209
53673 53685
98 191
90 205
92 206
107 197
103 200
24314 24367
92 206
40126 40136
90 199
97 203
91764 91795
104 207
22342 22368
99 209
102 197
108 192
95 201
94 196
97 199
93 204
98 206
103 190
102 206
76101 76121
49180 49225
107 207
29934 30018
100 206
92 206
12445 12469
94516 94584
93 210
104 197
103 210
102 195
109 205
14188 14286
107 197
30193 30245
110 207
97 192
109 207
107 198
101 207
103 203
85840 85855
104 198
104 203
92 196
100 202
101 208
106 204
95 196
100 190
94 201
107 207
95 194
91 207
99 196
90 201
101 192
108 203
63326 63370
65921 65957
103 193
110 210
16539 16633
92 210
107 200
90 199
106 209
98 202
106 190
97 197
17459 17530
104 205
107 194
95 194
107 193
93 195
107 207
96 209
102 195
92398 92404
101 208
13657 13747
98 207
96 205
90 204
97 191
91 192
101 204
14107 14160
94 204
91 201
90 202
108 200
97 192
106 206
90 199
100 204
109 191
95 205
97 200
108 198
45180 45239
97 192
110 202
108 199
3709 3798
36756 36850
35809 35873
10045 10131
89499 89569
35948 35978
105 207
42853 42905
103 207
97 204
94 210
103 192
95 203
96 198
93 197
95408 95476
93 209
92 202
108 191
105 190
91 208
91 200
97 196
81956 81963
97 210
91 193
105 205
107 199
98 192
102 210
90 194
84459 84509
101 192
91 207
13755 13764
94 210
94 190
81776 81798
45087 45161
55848 55909
96 192
26061 26089
95 201
99 207
98 209
105 198
110 193
91 193
102 197
100 197
98 205
105 208
108 207
61716 61814
109 193
91 194
99 195
90 199
1154 1199
104 210
101 191
98 204
98 193
93 205
96916 96992
110 197
53543 53594
105 208
101 193
105 196
57384 57414
105 198
100 209
100 203
95 202
95 194
98 206
110 197
100 199
92 208
94 203
97 192
109 203
94 202
107 190
54091 54170
97 205
95 206
102 201
109 199
95 198
92 208
98 203
97 196
53 125
94 205
93842 93890
105 201
107 208
110 205
94 199
90 199
105 207
34069 34085
107 193
80382 80477
105 199
94 195
90 199
77418 77470
93 202
110 204
92 203
96 197
99 202
101 203
42904 42935
95 204
101 194
103 194
107 198
96 199
88841 88851
90742 90841
17909 17939
94 200
109 204
93 202
93 192
103 193
105 192
97 191
104 196
107 208
109 203
105 199
94 203
25962 26039
107 194
96 192
97 202
102 201
93 195
95 208
93 208
94 206
110 209
104 201
105 191
106 190
108 202
95 201
103 190
104 199
105 202
99 207
102 200
95 208
97 197
108 197
106 205
99 200
99 210
109 199
15045 15116
109 201
93 206
94 206
86316 86334
100 197
93 195
102 201
101 200
58663 58743
100 196
109 191
92 190
91 191
110 191
103 202
100 206
98 206
104 196
92 193
81887 81926
12607 12675
97 203
103 191
65998 66002
104 207
90 198
102 197
106 204
94 210
90 203
31543 31631
38337 38352
92 191
97 195
68234 68276
92 194
103 194
103 207
102 191
41434 41450
104 201
109 205
105 209
97 207
96 190
95 210
33707 33754
63920 63985
101 199
104 201
96 191
103 207
99 193
96 193
105 192
97 209
47286 47324
102 207
93 205
100 195
95 203
95 207
109 208
107 191
2024 2105
92 193
90 197
103 195
71818 71871
90 201
4981 5065
60087 60165
107 191
97 203
107 192
110 193
103 209
96 196
90 192
52491 52553
107 210
90 195
92 207
100 190
72075 72143
99 194
94181 94264
73124 73138
106 208
98 204
100 204
98 194
69511 69609
89178 89186
90262 90343
102 200
110 190
98383 98451
28475 28487
91 196
102 192
107 194
95 205
101 190
11407 11446
106 208
99627 99678
106 201
92 203
63598 63623
103 204
92 210
94 190
101 208
13995 13998
90 209
99 202
105 191
39288 39355
101 209
103 201
103 199
101 192
103 190
106 197
109 209
98 190
106 194
97 202
101 203
87813 87906
93 195
21716 21774
96 190
93 209
103 190
81644 81698
99 203
110 195
98 195
101 191
100 201
90 199
94 198
109 196
103 191
78828 78861
97 203
105 199
9930 10025
109 203
9877 9891
95 197
28391 28437
104 202
94 192
93 190
107 197
30856 30956
105 194
99 196
100 194
96 197
95 200
104 194
43441 43477
32696 32711
91 206
95125 95161
102 193
102 200
91 208
81529 81602
25082 25143
42539 42633
94 208
107 210
92 197
84315 84402
97 197
98 205
80049 80079
106 206
106 205
94 190
103 208
105 205
107 199
93 204
91 199
92 194
110 205
96 200
95 191
109 203
106 202
101 210
94 210
100 201
24111 24137
99 195
105 192
107 200
91509 91531
80396 80470
98525 98533
109 193
94 195
100 193
90953 90971
99 201
99 207
102 197
110 206
97 208
30338 30347
91 197
11120 11198
94 198
20095 20146
102 191
96 200
50528 50571
96 190
102 202
45632 45648
90 202
103 197
94 193
104 202
93 192
92 199
101 197
63531 63618
90 201
105 190
79314 79350
94 190
21722 21749
108 197
92 190
104 194
91 196
90 204
97 195
98 193
110 193
110 193
99 200
62622 62642
105 205
103 194
95 205
90 196
110 195
107 191
54198 54254
97 196
98998 99004
108 192
104 207
101 190
97 195
103 203
103 210
105 204
53923 53944
102 209
96 190
98 203
103 193
80743 80842
90 208
92 191
100 209
93 199
104 201
104 208
91 206
94 196
92 208
103 199
92 199
98 203
110 192
100 203
99 198
109 195
107 201
99 193
90312 90322
98 196
105 199
99 210
92 205
106 205
67131 67206
106 203
99 200
64718 64816
108 208
92 199
95 197
58811 58817
90 208
17083 17112
74994 75058
18996 19022
104 201
110 204
101 194
92 202
76319 76371
99 190
94 192
105 195
105 197
71219 71263
108 201
98 195
95 196
101 203
103 193
91720 91759
61591 61688
95 197
28215 28288
101 192
82270 82290
89197 89226
99 195
110 192
90 195
90 205
97 191
106 209
103 200
107 199
101 207
105 208
100 206
110 197
97 192
101 202
98 203
100 190
95 207
109 201
101 203
97610 97619
96 195
104 207
109 206
91 193
106 196
92 210
110 204
94 199
92 202
21219 21263
108 192
99 192
96 208
32486 32514
94 199
97 209
24823 24837
97 209
96 200
90 201
92 200
90 196
59735 59809
100 203
106 201
106 202
105 191
93 199
106 204
107 193
101 209
97 194
93 191
101 207
95162 95233
28417 28477
20552 20604
22592 22683
65480 65498
25320 25363
107 205
34597 34671
92 194
102 191
109 199
27647 27679
107 204
97 210
104 191
93 199
65458 65530
106 205
107 203
92 204
105 192
110 191
102 194
95 190
9813 9895
96 194
100 194
98 208
96945 96975
97 201
108 194
109 204
80765 80848
102 194
93 197
93 204
94 198
99 197
82038 82107
99 198
108 205
104 200
96 191
99 191
66396 66443
97 194
70046 70048
96 209
104 195
11279 11342
101 195
96 192
99 191
96 193
103 196
103 210
110 191
106 207
109 193
98 209
99885 99937
103 200
97 195
14660 14684
109 196
96 196
91 204
104 193
102 198
107 200
109 195
90 191
110 208
92 198
81542 81570
101 202
108 195
107 207
108 205
84081 84087
105 206
95212 95305
90 208
93 205
91 209
51789 51829
28077 28117
107 196
110 196
97 195
92 194
96 191
100 191
108 199
93 195
57198 57228
109 206
68627 68712
33272 33349
94 191
95 198
89667 89722
104 199
93 207
90 191
94 203
91 198
95 204
106 197
31248 31309
105 201
97 196
110 210
107 206
92 191
94 201
100 194
96 200
99369 99396
98 200
110 194
95098 95146
94 195
91 208
90 208
98 201
95 204
90 209
92 200
93 207
101 199
92 193
107 200
103 197
93 194
101 199
38632 38639
57156 57174
94 198
94 196
94 191
97 201
104 199
107 205
105 200
109 190
98 196
110 191
101 206
104 207
91 210
110 190
71252 71313
98 208
108 204
97 206
100 202
93 206
43811 43821
63364 63405
90 201
91 203
99 194
92 202
94 190
95 200
54099 54195
67088 67122
109 209
105 202
93 205
97 193
96 190
66678 66735
90040 90061
90 191
101 200
110 210
104 210
22663 22761
100 210
104 197
95 206
68479 68528
98 206
102 209
99 202
28861 28891
107 190
104 201
85097 85120
99 205
95 203
95 200
99 207
94 201
35120 35206
93 207
90 201
102 195
92 198
66960 67014
107 196
107 193
104 196
100 207
107 202
103 197
97191 97277
100 203
97 210
92 205
93 210
65122 65220
98 202
95 203
110 193
96 206
105 206
103 201
92 206
102 191
26680 26741
42629 42648
106 203
110 195
101 205
89734 89751
101 195
91 207
94 210
93 191
95 190
95 191
98 206
110 199
109 195
43761 43856
7555 7600
97 191
92 206
94 196
103 194
93 205
110 194
106 202
103 206
96 195
90 194
94 205
82497 82590
50902 50960
107 195
95 209
97 191
100 190
94 202
91 195
99 208
102 198
98 194
93542 93637
47846 47874
103 197
110 204
85433 85508
98 198
93 207
98 199
97622 97665
105 205
101 201
103 206
15250 15275
105 196
110 194
103 201
98897 98984
101 207
61337 61364
108 208
93 208
96 196
107 207
101 191
110 207
109 202
40005 40017
94 208
109 205
96 195
97 207
97 190
40148 40241
90 198
91 197
93 198
82435 82531
102 205
110 209
110 199
94 202
103 197
103 196
91 202
31473 31565
92 194
95 198
88347 88389
101 208
93 203
21283 21357
91 198
80362 80399
104 209
106 201
104 192
98 210
93 196
97 204
103 194
106 203
110 195
106 209
107 208
1201 1213
95 201
90 199
104 210
108 203
93 200
11201 11219
98 200
100 196
95 198
103 210
105 192
110 192
108 200
19988 20043
102 202
108 201
68682 68731
76753 76803
109 200
76481 76559
105 195
103 208
102 210
107 191
32250 32347
90 208
72515 72580
57389 57462
99 193
96 205
90 193
103 200
95 209
98 200
101 192
105 197
100 199
98 198
89498 89522
1252 1309
93 206
29070 29082
105 193
93650 93675
100 203
94 204
104 198
100 190
102 197
95 200
14335 14383
97 196
82693 82725
105 191
105 196
97 197
107 206
44982 45061
110 207
107 209
106 196
100 196
97 210
105 199
103 202
100 200
110 207
96 205
100 210
106 209
102 198
110 201
95 202
96 191
19904 20001
99 207
101 190
108 196
108 198
90 193
104 208
105 208
92 195
95326 95332
99 196
96 194
101 204
95 201
35784 35818
98 195
91 195
91 200
95 208
107 195
109 202
23724 23819
93 205
109 200
53905 53909
95 209
447 458
103 201
103 199
46065 46142
102 190
96 204
96 210
91 190
110 195
104 194
108 204
94 203
110 197
7316 7392
83088 83145
101 195
74432 74460
92 209
101 195
100 192
69520 69523
110 203
109 196
90 205
109 208
101 202
72 127
109 190
104 205
97 195
97 195
105 197
96 205
110 203
90 202
109 196
96 209
49125 49159
101 196
94 190
91 198
66718 66756
107 199
109 207
110 198
104 201
95 198
95 196
107 192
101 197
99 190
101 198
96 196
93 208
92 191
107 210
65382 65410
103 210
109 190
91 197
106 210
109 210
105 192
100 200
99 193
100 198
106 194
102 196
60976 61047
93 191
72257 72288
104 205
106 201
92 201
91 209
107 194
102 203
95 200
106 209
105 210
102 202
96 208
77665 77709
90 201
105 196
108 199
103 190
103 208
97 197
103 197
94 193
105 206
94 207
102 202
24823 24861
101 199
60850 60856
79765 79777
99 190
38322 38352
94 204
105 194
93 199
100 201
107 204
63295 63311
92 210
69847 69912
96 195
96 208
106 199
91 192
102 203
110 201
103 209
74664 74672
96 197
77751 77834
106 198
93 198
101 207
109 190
93 207
101 198
94 194
106 192
104 201
97 199
101 191
94642 94732
101 207
105 200
35644 35688
95 202
97 191
96 192
90 191
110 198
96 196
104 191
93 206
102 197
99 200
93 200
90 197
90186 90205
7005 7030
108 203
94 202
96 205
105 202
101 191
45124 45148
103 204
51246 51267
21890 21901
110 192
6278 6290
96 196
110 193
46274 46373
109 206
108 200
101 198
77453 77481
107 198
93 207
100 190
105 196
105 197
96 192
45607 45666
110 202
110 194
32145 32214
107 197
107 209
90 191
100 201
100 192
2888 2973
32644 32722
103 207
95 199
110 205
107 209
93 206
105 202
100 209
35590 35603
102 192
93 202
38376 38465
104 192
106 208
96 202
101 195
101 195
88207 88298
99 205
24904 24916
108 202
57712 57759
108 192
99 210
91 205
68841 68924
104 193
46987 47029
90 194
106 209
110 200
104 205
99528 99565
102 205
99 202
60696 60735
98 199
105 194
105 202
106 204
106 195
100 207
105 200
18301 18308
106 194
96 201
105 194
108 194
31449 31510
110 190
95 196
96 205
1997 2004
108 208
96 199
90 200
99894 99968
104 202
100 203
107 199
96 190
100 194
107 193
105 208
90 201
94 190
109 204
105 198
107 200
93 191
92 200
100 194
97 197
63728 63732
103 209
107 209
99 200
39791 39854
100 209
90 197
108 193
102 193
27196 27216
84279 84342
104 195
91 191
47773 47786
83821 83918
93 190
109 194
108 195
97 201
94 196
99 195
109 209
110 200
107 206
102 198
100 202
92 192
100 199
103 194
110 209
106 208
92 194
92 193
66244 66301
95 200
106 200
105 191
90 198
91 195
90 197
110 205
95 205
105 205
100 200
8665 8678
103 202
108 206
95 206
85947 86032
91 209
103 200
102 193
102 209
56337 56416
105 210
98 192
94 203
97 205
91 191
94 193
97 192
45436 45511
85695 85763
98 207
96 203
106 191
63865 63894
100 192
98689 98747
93 205
92 190
101 191
41807 41847
90 207
90 201
97 210
94 200
98 205
104 205
107 207
4422 4451
110 192
35287 35299
110 199
101 207
108 198
99 198
42677 42762
451 500
91 191
31347 31406
96 197
95 200
26831 26927
106 199
78204 78239
96 190
25924 25938
100 195
59099 59179
98 194
94 192
98 208
95 192
97 206
79790 79813
95 198
106 195
101 195
105 195
100 203
97 191
62380 62423
100 196
97482 97581
95 195
96 195
92 201
95 206
73010 73071
102 207
93 195
105 192
103 208
109 205
106 196
100 196
91 196
38850 38880
95 194
98 192
11005 11065
95006 95098
91 200
98 194
107 191
91 192
97 192
98 198
106 206
99 193
100 203
98 190
108 209
102 202
92 194
108 198
101 203
109 207
98 208
109 205
94 199
109 206
102 201
92 190
39730 39783
88941 89001
103 210
104 190
96 200
107 207
90 204
91 210
108 199
93 196
95 201
71896 71911
90 199
61840 61864
10928 10952
99 198
97 207
100 203
106 204
94 203
104 198
92 195
98 200
107 196
103 201
100 191
93 208
97 194
105 207
108 190
70608 70623
90 201
102 204
57049 57112
105 203
108 192
92 195
108 206
95 199
96 191
92 206
91 206
108 200
94 190
99 190
45801 45894
98 210
100 208
110 192
96 192
99 197
100 206
101 203
110 210
100 205
110 194
106 201
74662 74668
102 205
95 198
106 197
106 199
94 207
110 195
104 201
98 209
98 201
96 207
104 209
93 195
109 195
92 201
29930 29992
102 209
4746 4817
90 202
97 207
106 209
93 195
102 200
101 194
45173 45223
92 191
99 208
102 209
100 207
97 197
48958 49010
103 198
94 207
106 206
99 196
93 204
110 201
97231 97239
95 193
77832 77861
8605 8659
105 210
106 204
18902 18970
101 197
92 195
105 206
101 209
104 191
95 196
104 200
109 193
36236 36332
96 201
106 201
2800 2810
104 204
55000 55048
107 207
97 202
80184 80276
109 195
102 194
105 205
79 170
98 192
54185 54259
88404 88452
2358 2431
106 208
95 210
110 195
13832 13834
101 198
110 193
106 193
91 203
39185 39233
59122 59155
101 194
99 202
92 209
15287 15330
110 191
66341 66439
96 203
15318 15321
98 200
95 200
92 198
108 192
102 199
109 198
105 208
90 201
97 193
110 195
78828 78855
101 198
95 190
108 199
98 196
97 197
66959 67054
22377 22476
91 199
93 202
108 196
90 201
22292 22301
22917 23014
102 201
101 197
108 201
73379 73475
110 196
995 1035
104 191
93 192
104 208
103 195
103 206
25210 25308
91 199
33243 33264
91 193
98 210
104 192
107 204
101 193
98 201
96 206
95 190
101 207
100 194
110 192
100 202
94 206
105 190
103 205
41841 41844
106 192
100 198
107 196
93 207
108 190
97 192
104 192
75009 75080
98 190
99 194
105 201
47655 47663
98 209
58956 59018
108 210
97 195
107 202
106 208
2946 3041
100 198
96 200
100 193
101 208
27768 27784
95 209
870 939
110 190
92 198
110 193
101 201
100 198
106 207
95 202
104 207
110 198
108 198
8046 8117
466 510
103 197
90 205
99 195
97 200
37495 37571
107 200
93 208
95 190
12513 12531
4009 4040
94 206
103 205
95204 95303
96 199
94 200
101 209
92 204
39659 39728
101 196
104 204
109 203
51757 51760
103 205
97 190
96 207
101 197
108 195
108 191
102 207
93 208
92 198
103 204
106 193
42907 43006
97 201
104 192
54632 54669
92 197
107 205
108 191
78854 78953
37773 37843
107 202
80674 80693
102 207
94 205
40528 40583
103 208
100 204
102 197
93 194
91 191
93 197
92 210
109 208
82167 82170
93 206
94 206
24618 24653
102 204
100 199
104 192
94 206
72520 72561
106 194
108 197
99 203
27005 27071
93 203
91 193
100 192
40612 40635
99 206
104 196
109 199
63150 63210
106 203
107 195
105 193
100 198
10781 10795
1833 1856
18929 18958
98 207
105 193
97 197
102 201
26739 26811
51329 51398
92 190
91 204
94 200
98 203
41039 41076
92 196
101 193
93 194
91 201
110 206
92 207
99 190
100 204
110 192
109 205
105 195
91 210
107 196
56161 56180
54846 54941
109 205
100 199
110 202
103 207
59894 59944
105 203
91 207
94 200
103 192
5503 5599
103 202
109 201
90 201
91 205
93 205
58247 58299
92 199
22816 22820
105 199
94 193
96 208
93 191
8097 8171
109 206
99 203
96 199
97 209
100 196
103 207
101 205
95 205
101 208
105 208
110 203
99 205
107 198
94 195
102 209
92 193
107 200
92639 92655
109 194
91 204
94 203
95 195
101 191
106 194
104 205
76479 76524
108 194
99 207
95 196
92 202
94 206
102 198
96 192
42334 42407
95 207
106 191
93 202
105 190
102 190
106 205
92 210
97 199
99 191
97 204
94 190
106 204
56188 56219
39462 39468
109 202
110 200
95659 95678
99 205
99 193
94 191
101 209
104 193
38739 38775
90 190
108 201
93 194
18973 19050
94 209
99 209
90 193
108 196
95 204
93 205
88197 88220
100 200
106 198
47431 47528
98 196
46331 46362
108 203
105 209
107 199
106 191
108 205
104 191
99 196
93 208
110 209
94 210
100 192
101 205
108 193
107 191
109 201
100 203
90 198
106 192
102 204
104 194
105 194
93 198
109 200
68715 68723
1140 1187
101 209
93 195
105 206
70278 70313
101 204
94 191
93 203
90 192
106 207
102 201
96 205
98 198
90 194
87682 87759
68082 68149
90 197
107 205
98 205
19296 19348
101 205
97615 97640
105 207
110 190
90 203
106 199
102 198
106 196
94111 94195
110 206
98 201
103 206
106 209
100 205
97 205
92 197
90 193
92 201
90 203
106 201
99 207
97 191
102 196
98 197
101 200
96 191
110 190
26631 26706
93 197
103 190
53257 53340
108 191
100 197
101 192
98 195
92 199
93 201
94 208
16169 16196
98 206
107 191
98 190
103 193
104 208
91 204
97 192
75396 75421
94 205
100 207
101 198
9950 9970
92 198
103 198
39445 39486
100 210
20161 20251
92 201
106 193
107 208
99 199
108 201
102 204
19910 19973
99 205
110 192
102 206
90 203
100 205
92 198
94 205
91 210
54761 54785
102 208
94 209
108 207
91 193
94 194
101 210
100 205
66631 66676
99 194
92 196
8466 8499
102 190
99 200
110 209
84008 84063
108 203
109 206
101 191
55001 55008
27263 27333
92 191
92 203
77717 77816
92 208
106 192
100 204
108 201
104 193
99 202
41176 41235
110 204
105 196
96615 96616
96 194
99 208
29543 29637
107 196
18552 18553
97577 97669
96 197
106 203
109 194
99 195
98 191
99 200
98 192
101 208
95 209
74339 74350
30787 30790
106 200
108 192
105 201
101 197
99 191
90 199
91 203
94 201
98 194
97 200
8450 8467
96843 96902
91 209
106 198
107 202
94 207
99 196
102 201
91 208
95 202
104 194
96159 96168
102 196
99 208
103 201
106 196
94 204
108 193
94 205
99 192
70083 70118
92 204
92 191
91 206
91 209
96 208
109 205
37652 37678
107 201
78217 78281
94 208
100 206
93 197
107 210
95 198
69570 69580
98 207
84998 85062
109 192
103 198
107 197
99 201
40797 40891
98 202
108 193
102 206
95 203
110 195
91 200
39657 39691
93 197
106 196
97 210
95 202
110 195
101 203
109 200
106 190
106 200
109 203
97 198
104 210
91 209
105 206
91 193
96 202
94 190
4272 4295
100 200
60597 60662
519 609
93 210
46867 46964
98 210
91 205
71819 71875
94864 94935
97 192
103 199
93 192
12098 12117
81245 81255
97 190
98 206
99 193
27907 27948
106 202
103 198
101 198
93 197
103 204
105 204
94 193
102 196
100 205
92 209
110 193
97 196
67781 67844
105 192
9753 9803
110 201
103 204
103 198
82359 82415
107 208
105 192
90 194
105 210
104 192
60231 60270
105 206
110 205
104 207
98 204
110 209
63142 63202
110 198
100 200
75506 75560
92 195
8792 8814
96 192
108 202
101 200
24378 24426
98575 98608
103 210
94 200
108 203
95 207
97 204
51963 51993
91 190
101 190
92 209
107 191
90 204
105 193
65793 65825
92 205
104 207
102 204
74920 74991
91 204
107 196
92 194
94 194
102 191
90 194
106 201
103 197
88545 88561
105 208
105 199
102 193
58483 58548
97 194
94 190
99 204
109 194
106 199
94 207
107 201
90 206
105 210
97 210
105 196
109 205
101 209
54727 54789
100 198
90 197
95 190
96 197
81835 81907
91 193
109 207
105 196
56724 56781
96 209
74659 74748
95 208
100 198
108 205
39409 39467
110 191
100 207
96 198
110 190
92 195
56275 56306
79565 79657
94 206
61632 61702
101 194
90 193
93 199
50881 50960
96 192
26188 26223
86582 86639
8301 8337
103 201
95 206
110 204
92 198
98096 98111
92 192
100 206
99 210
103 199
110 205
110 196
104 208
102 202
37105 37179
90 204
105 192
94 197
60668 60689
97 201
103 191
102 202
107 208
106 205
5207 5249
103 206
109 190
97 194
58193 58227
97 197
109 206
67981 68005
90 190
16522 16561
99 199
102 208
96 196
107 206
40075 40152
2350 2429
100 210
98242 98269
96 206
53274 53349
102 202
95 196
92 190
95 195
4692 4726
108 192
108 197
107 201
38172 38240
95 191
95 191
96 195
102 195
94 198
98 210
76 149
105 204
46617 46694
41411 41462
107 208
107 206
83194 83291
92 191
107 205
99 201
101 194
104 195
101 207
90 197
22299 22352
2558 2629
92 194
108 208
105 203
101 207
91 190
98 194
90254 90314
103 201
88281 88345
110 209
107 204
108 206
99 194
96 204
101 199
102 194
67081 67092
107 198
74068 74122
110 202
11228 11310
110 208
91 194
104 201
13992 14031
96 193
43807 43830
103 207
48623 48683
91 193
110 200
15421 15444
104 191
94 190
101 196
101 192
92 190
106 201
109 205
99 202
96 195
91 190
93 207
105 201
110 192
109 209
97 196
101 200
100 193
105 202
102 191
100 208
97 191
99 192
68133 68139
99 206
94 190
96 192
97 210
99 200
102 198
93 194
94 199
93 205
95 200
106 210
105 193
107 193
102 209
95 206
6655 6662
89855 89862
106 203
90 194
105 197
91 192
99 190
50865 50909
101 195
18351 18366
70514 70556
108 204
9539 9634
55835 55912
12003 12083
108 201
102 195
91 209
97 195
90 199
110 198
110 210
92 206
107 198
91 199
32349 32384
93 191
13574 13602
96 191
103 197
110 203
107 198
94 201
109 205
102 191
103 199
91 197
90 210
101 196
95 200
94679 94725
91 197
101 195
102 197
96 200
92 203
92 206
11898 11927
105 197
107 196
91627 91699
90 197
110 190
92 205
66826 66862
101 207
102 203
103 208
94 199
41509 41561
70474 70511
90 210
109 206
105 190
98 190
10974 11069
95117 95159
71642 71688
108 208
110 205
90 200
104 206
104 196
102 207
98 205
73699 73757
95 198
106 196
107 196
94 194
96 197
100 198
91 190
99 202
14844 14847
55238 55283
91 208
110 192
94 210
99 194
95 204
83051 83089
91 207
96 205
97 196
48776 48862
12161 12193
90 193
91 200
19231 19253
101 208
17393 17423
100 201
95 190
1352 1412
103 193
96 200
95 193
62255 62355
60587 60650
105 204
24768 24814
93 195
98 199
91 202
96 198
97 191
2472 2509
93 200
105 195
90 206
110 195
90 209
103 194
109 199
98 192
99 208
56256 56274
107 201
95968 95970
96 197
65647 65674
97 202
102 198
103 201
106 192
102 201
103 200
108 200
100 193
109 205
102 193
98089 98172
110 202
106 207
96 190
98 204
16576 16580
33608 33640
4994 5046
75211 75236
93 200
98 194
101 197
106 190
3270 3358
109 203
98 192
102 207
106 199
93 198
927 1006
110 209
100 195
110 200
94 200
98 192
92 193
712 777
98 197
43315 43357
101 191
96 206
107 190
85973 86038
105 203
94 195
101 194
100 192
100 210
91 202
106 208
93 194
102 195
92 204
94 198
92 194
103 191
95 209
102 200
51248 51297
47513 47587
91 198
110 202
109 208
103 201
98 198
102 196
96 200
103 200
99 190
90 197
104 201
95 190
42482 42575
96 209
91 206
107 196
107 205
107 210
74999 75029
109 205
92 207
92 193
92 190
99 202
97 191
91 201
74806 74870
13889 13981
105 193
17172 17262
99 200
92917 92955
95 209
93 208
103 199
101 207
93 209
102 191
96 190
108 204
94 190
95 208
98 196
100 192
88359 88416
91 208
94 202
110 210
107 195
109 199
103 198
101 201
91 205
108 204
10254 10266
106 190
96 207
94 203
106 190
104 210
94 190
100 195
93 206
99 210
100 196
91 195
53772 53824
96 196
108 191
85631 85647
105 210
96 209
103 190
65927 66012
99 208
90 202
91 205
105 191
95 208
18856 18956
102 200
104 209
90 195
16815 16816
92594 92684
109 191
106 191
102 200
88619 88648
92 210
105 194
30367 30443
101 199
97 197
94 193
98 206
104 194
108 198
94 194
99 202
104 209
106 198
99 195
99 197
109 194
105 204
91 195
110 193
108 192
100 203
97 209
95 210
105 190
96 191
97 204
93 201
107 202
101 195
90 202
94 198
103 193
108 210
90 199
20060 20095
108 199
94 190
107 210
92 198
92 210
90 206
91 205
22417 22428
109 193
110 190
106 197
90 206
93 206
67893 67898
106 204
97117 97167
91 199
42397 42436
93 205
95 205
90 196
98 199
90877 90914
109 196
104 206
98 199
101 207
110 198
104 202
10286 10312
91 205
107 193
6331 6379
92 196
110 208
109 191
91 197
95 210
99 194
71579 71668
94 195
105 199
24677 24682
97839 97863
106 199
102 203
100 196
100 198
102 200
102 197
92 194
109 190
97 196
104 209
90 205
75686 75785
95 192
95 207
106 199
96 206
102 206
102 199
106 205
103 195
98 200
94 203
15211 15233
108 195
102 192
97 192
90 207
103 199
92 193
110 209
108 198
105 191
91595 91597
14733 14740
97 195
6544 6607
97 206
107 190
104 208
90 200
93 194
78503 78568
28870 28918
17681 17776
98 198
107 209
107 208
91 196
27586 27684
106 192
91 203
90 197
103 202
103 193
91 209
35332 35393
52374 52441
91 192
102 190
107 202
95903 95919
90 193
95 207
5346 5446
107 196
90 205
104 203
92 197
93 190
95849 95895
54441 54507
100 201
20024 20088
92 209
51431 51474
106 206
108 203
65465 65517
51466 51516
99 207
108 198
1657 1753
93 197
95 209
94 200
105 196
96 198
99 196
107 203
101 198
93 207
108 209
20685 20686
43889 43900
108 205
101 201
92 192
43207 43219
96 200
99 196
93 190
95 200
99 204
106 200
101 197
104 198
48840 48861
1581 1594
29503 29532
106 193
103 203
109 201
99 199
36992 37024
104 196
93 204
92 194
95 198
106 203
50157 50207
110 200
96 203
97 205
99 207
108 206
109 199
99 207
106 198
106 202
100 207
98 198
10004 10011
110 197
37135 37189
103 200
37636 37655
109 196
93 208
97 191
93 197
99 192
106 193
107 194
97 208
92 207
99 201
79481 79549
102 204
92 208
106 190
92 208
106 201
101 194
90 192
107 192
102 206
10908 10979
108 196
72783 72819
88382 88437
106 205
106 205
100 201
97 196
99 209
91 198
91 197
95 201
93 206
39793 39804
90 202
101 205
94 197
108 201
107 199
90 202
100 204
108 191
102 198
92 192
90 193
91 198
106 191
106 199
99 199
110 208
96 196
29651 29737
93 194
103 193
105 191
90 201
92 195
105 205
77576 77663
58417 58440
91 207
97 195
99 208
102 193
45797 45811
109 200
93 197
102 195
96 205
93 197
71987 71989
109 190
102 192
98 199
102 205
97 199
110 202
93 196
96 198
98965 99020
100 190
98 199
102 196
100 199
98 208
110 196
110 209
94 201
44366 44387
99 210
64611 64624
108 193
85577 85583
8196 8238
100 197
18073 18087
110 204
101 206
106 208
107 198
105 206
88782 88879
94 196
93 201
92 208
105 194
10857 10957
109 202
90 203
56590 56652
9812 9831
107 200
109 195
100 203
97 194
93 199
110 200
91 210
110 200
94 204
108 199
106 200
52387 52447
96 201
100 190
107 193
94 206
98 191
104 199
105 204
97 197
93 207
109 206
102 196
107 200
102 209
58063 58090
106 190
97617 97714
103 199
105 200
2248 2343
93 207
110 202
99 197
108 202
109 210
100 204
94 196
98 196
97 208
96 197
42508 42546
56538 56624
96 190
22731 22786
110 198
101 197
95 203
55900 55966
109 206
108 203
86465 86475
94 206
104 206
95 198
97 199
65389 65484
44703 44799
90 209
101 197
80531 80538
97 209
92 205
108 190
106 200
39539 39553
107 210
107 200
94 192
100 210
99 208
14144 14222
101 192
58846 58935
104 203
95 193
104 204
73149 73176
91 208
104 199
99 196
106 197
110 193
96 197
97 200
104 191
93 204
108 194
101 208
94 194
110 191
108 203
106 197
100 204
102 201
100 209
74451 74454
106 204
30902 30916
98 192
64737 64835
109 194
99 197
109 204
27428 27460
67179 67228
105 191
90 193
96 196
94 202
90 199
41706 41788
105 193
91 208
110 190
79120 79217
92 195
101 201
93 207
91 203
91 204
97596 97685
91 197
96 197
108 204
93 207
94 190
98 191
16032 16102
106 194
42873 42913
93 205
90 190
91 203
99 206
91 197
109 199
103 210
97346 97420
73368 73392
101 200
99 196
97 193
98 198
105 195
92 202
90 201
91 209
91 209
98 197
58597 58664
100 203
110 205
107 192
97 204
108 202
64857 64928
90 194
62548 62569
96 209
110 201
105 203
92 196
108 200
101 206
107 191
101 206
92 197
98 208
101 198
109 191
93 204
102 204
105 199
104 190
103 203
70154 70159
104 195
92 195
105 194
103 207
101 204
106 206
92 193
93 209
110 201
106 205
107 191
95 200
102 198
107 194
98 202
108 193
105 201
102 210
101 201
102 203
92 204
98 209
91 208
17798 17874
34000 34070
100 197
37163 37186
45029 45070
66579 66584
90 210
108 205
106 199
92 210
101 210
104 206
99 200
101 202
91 201
90 195
98 205
96 206
95 190
101 197
108 197
110 205
97 201
90 200
97 192
91 197
93 195
3948 4002
106 194
95 199
109 208
102 201
98 202
22354 22424
104 209
97 202
96 192
98 205
36289 36334
92 210
97 195
91 190
92 204
110 207
92 207
109 195
199 236
92 205
108 195
110 203
93 208
98 204
92 206
105 205
102 206
108 196
42918 42955
85448 85496
102 198
25319 25374
93 192
91 206
93 193
91 207
31904 31938
70564 70593
106 191
110 192
15922 15966
90 204
103 208
92 207
102 200
109 203
91 208
38938 39029
38013 38058
87199 87232
98 190
106 208
99 197
93 194
95 203
105 205
94851 94878
45072 45146
54997 55072
96 201
30685 30726
101 201
105 190
89250 89270
104 206
107 194
63531 63571
96 209
97 190
42263 42320
60721 60725
81636 81690
93 207
108 192
106 208
102 191
105 195
107 208
100 200
34618 34637
99 192
94 205
95 207
102 192
93 202
13233 13280
81192 81255
69521 69587
91 207
108 194
102 205
91 194
3088 3119
103 207
102 190
106 209
101 196
101 209
102 209
104 197
110 199
98 204
64142 64232
95 208
108 207
105 191
101 190
101 202
107 195
97938 98003
93 203
107 195
102 203
90 190
101 209
102 190
101 200
43739 43833
94 202
100 193
101 206
92 194
101 204
99 208
109 196
18149 18208
103 198
105 210
94 209
52528 52616
93 203
99 199
96 194
30143 30240
93 196
108 199
9633 9728
98 197
92 205
107 205
107 193
90 210
109 210
98 202
94 202
90 204
98 208
102 193
72866 72965
6958 7006
109 192
110 196
69480 69527
108 204
101 190
106 190
108 195
91 200
92 208
107 197
45026 45047
3990 4053
108 205
94 191
110 210
86949 87024
107 199
90 194
89004 89048
91 197
90 204
97 206
75066 75166
94 199
108 205
95 197
68803 68835
100 204
102 205
99 193
94 193
80144 80229
3169 3190
105 202
100 199
93 206
95463 95497
110 204
92 206
109 199
92 200
96 206
94 199
99 200
107 193
94 201
97 208
76027 76040
93 196
100 203
92 195
102 192
33710 33804
106 197
110 193
106 194
109 208
95 204
68532 68632
91 204
108 201
89251 89337
105 190
90 202
98916 98981
108 199
92 197
100 205
110 201
102 192
109 198
96 201
100 207
106 197
68011 68014
92 196
64309 64349
96 202
10659 10732
100 207
98 195
95 190
95 190
100 202
94 210
108 199
105 209
100 200
96 193
97 199
98 205
95 203
107 209
91 193
92 210
98 192
36209 36225
88718 88777
109 190
100 210
97 210
91 209
99 198
110 193
43536 43633
26316 26341
60293 60366
102 205
32786 32866
105 190
95 190
92 206
109 197
96 209
93 199
91 195
102 207
92724 92802
105 191
100 191
29520 29595
95 209
90 206
105 192
93 195
99 195
98 201
97 203
47448 47521
108 193
34934 34975
98 203
99 209
93 192
93 200
103 201
110 208
103 208
99 202
108 205
103 200
44718 44779
70742 70768
1867 1948
92 209
98 190
38707 38724
103 201
109 209
108 206
95 195
106 192
98 198
108 195
81708 81801
64334 64375
28057 28083
94 206
98 210
98 210
92 191
95 207
94796 94830
36935 37022
56642 56732
110 205
103 200
29542 29627
110 196
96 210
102 196
103 198
99 206
110 195
68846 68847
91 196
94 194
47085 47104
91 201
99 198
6327 6344
106 193
85117 85172
103 208
4844 4923
108 193
98 194
79506 79599
107 206
98 202
95 202
93 207
95 202
107 203
104 197
96 193
107 201
101 195
106 194
91 198
85133 85165
74745 74777
2757 2829
91 191
101 209
99 196
91 191
91 202
78182 78198
91 203
94235 94284
102 202
90 204
65939 66012
108 204
90 192
92 190
93 201
100 207
107 208
105 197
98 204
110 204
13444 13535
103 198
92 190
94 190
100 210
93 198
94 207
108 200
5369 5401
104 204
95 195
40274 40291
34310 34404
90 201
90 197
90 190
99 191
106 206
94 201
109 190
92 204
96 199
91 198
110 206
98 209
34914 34930
104 204
107 198
90 190
107 195
90 190
102 194
104 196
93 192
106 205
105 193
46356 46367
103 199
91 191
107 208
90 194
106 209
7146 7208
96 193
100 196
107 200
40893 40969
97 206
41815 41818
78848 78921
29735 29767
103 202
102 209
94 199
106 197
23051 23141
15726 15756
30829 30876
60864 60893
91 201
17956 17973
100 204
97695 97767
108 205
92 200
107 203
90 191
71239 71339
99 196
13335 13336
92813 92878
110 208
61254 61272
110 210
103 196
65422 65460
15757 15832
106 192
97 208
110 194
100 204
109 194
110 202
102 190
88327 88368
91 205
89346 89415
92 190
96 201
102 201
91132 91213
33901 33986
96 199
109 205
98 206
102 207
105 193
51399 51454
101 205
100 201
105 208
98343 98376
90 196
12464 12490
110 204
55303 55370
88235 88290
109 198
107 202
98 196
92 202
106 207
102 195
100 210
14278 14325
102 193
101 205
98 197
103 210
104 206
92 191
108 196
94 202
106 199
110 192
107 207
90 204
90 209
104 195
103 203
99 190
91 196
90 200
44632 44635
97 201
91 209
69393 69451
4835 4903
94 207
97 201
97 194
102 205
105 199
90 197
90 192
96 199
110 209
92 194
90 194
101 205
99639 99690
92 195
104 207
103 194
92 194
109 194
58646 58699
93 203
92 208
107 193
96 199
103 197
95 199
92 210
93 196
106 202
94 194
101 203
109 194
94 192
97 190
95 192
90 206
103 201
105 203
93 191
90 194
96 206
92 203
98 200
109 194
109 192
101 209
77564 77571
103 194
105 209
98 193
99 190
92 197
93 202
108 199
109 208
110 192
107 200
91 193
87535 87556
38589 38605
100 195
109 193
101 208
109 208
98 205
106 205
105 206
98 205
72850 72883
60976 61032
107 206
94 210
96561 96568
91 195
105 199
90 201
102 204
106 207
101 207
6159 6202
110 195
94 190
47244 47307
91 192
101 204
110 205
50683 50770
110 208
110 209
101 206
109 199
98 194
78921 78965
95 206
110 207
109 204
97 192
110 197
98667 98725
94 192
92 198
104 204
20816 20904
105 195
94 192
91 195
105 198
97 199
108 205
104 199
92 190
95 195
96 202
97 203
94 201
109 202
90 192
106 209
90 203
92 196
104 199
70605 70634
104 202
101 199
107 201
105 192
90 202
108 198
102 197
97 194
104 197
98 202
96 193
103 201
95 193
90 209
104 202
96 195
103 200
70885 70894
90 207
88976 88987
75992 76068
96 196
92 209
49554 49564
102 209
104 192
93 205
107 210
96 209
63262 63302
71269 71362
7554 7639
109 197
104 208
107 205
96 198
91 195
103 192
100 210
93 190
15236 15324
90 193
90 191
94 208
103 199
98 200
109 196
100 202
91 200
97 208
90 196
97 203
110 206
98 206
52743 52807
110 198
99 204
105 198
109 203
103 195
683 761
91578 91611
101 205
109 195
107 197
98 201
95 199
102 191
97 210
55997 56072
40220 40292
7018 7103
103 208
101 192
109 204
92 207
94 210
107 202
99 210
106 210
102 194
90 201
99 210
108 196
98 194
95 203
90 209
94 197
100 208
108 208
77332 77358
103 207
109 193
99 203
101 199
101 204
104 190
90 205
109 206
109 198
92 194
24200 24204
102 196
91 193
97 207
76053 76080
105 200
96 200
93 198
107 190
99 210
99 194
33579 33587
90 191
94 209
103 199
95 204
101 203
93 199
59720 59802
99 202
91 199
110 191
95 206
91 197
94 200
90 196
101 190
110 201
54436 54472
91 202
108 199
93 200
99 210
104 210
50910 50935
49206 49255
100 203
110 195
99 192
96 208
108 200
92 206
69022 69032
98894 98962
92 194
101 197
95 192
92 196
104 193
109 201
100 194
91 202
99 194
92 198
91 193
99 199
91004 91103
51409 51496
97 206
98 190
102 203
96 203
98 206
97 201
107 207
110 207
101 203
94 206
99 190
90 206
718 741
