100
100 104
157 159
275 279
131 135
104 108
5 9
73 77
58 60
244 248
113 117
283 285
271 275
103 105
145 149
67 69
22 24
94 96
149 153
140 144
50 54
158 162
163 167
212 216
217 221
298 302
257 261
274 276
184 186
112 114
122 126
85 87
194 198
238 240
176 180
199 203
292 294
64 68
91 95
208 212
1 5
229 231
235 239
118 122
185 189
68 72
265 267
46 50
19 23
10 14
193 195
211 213
280 284
127 131
284 288
130 132
136 140
59 63
148 150
175 177
220 222
166 168
203 207
37 41
262 266
14 18
77 81
154 158
82 86
181 185
28 32
172 176
121 123
13 15
32 36
190 194
293 297
23 27
256 258
239 243
95 99
226 230
76 78
55 59
202 204
248 252
139 141
253 257
109 113
31 33
230 234
41 45
49 51
266 270
4 6
40 42
167 171
247 249
86 90
221 225
289 293
