100
567833404 996169031 320372623 1991194 853480106 203421440 250937223 140582759 599564014 845621873 226466648 681861964 170021948 492854912 970347020 152495378 774005463 573564741 271020274 886464167 855514123 19418264 597315028 349778750 582982144 918698910 199348263 89550258 79650245 211409256 524037239 783573115 157055987 716708721 571710438 446646526 996372047 24949095 71443988 564841979 241822415 623868180 15549671 567161497 958715875 107528386 641396389 448032447 108397494 236198412 344185252 723595090 328650702 739157213 477649328 429156100 251343309 518932555 179868216 707981987 507194599 444759535 820614050 648185602 168910541 73531343 797497137 847792863 267635068 349811409 297790982 515999504 755861612 905614636 185712443 599757418 97468630 301954734 551170342 913670590 609622920 355546941 452387293 979850447 925890505 205903332 75540033 959081836 542900389 753855248 554178448 574278861 775843356 842775714 498094744 348612560 570818217 519091493 601892449 427421792
45 40
12 39
13 51
67 57
52 69
59 74
80 81
20 97
71 65
66 58
17 5
3 30
65 48
69 49
84 83
77 14
94 90
15 1
14 100
82 32
32 52
24 85
22 35
99 33
74 13
83 27
73 91
35 63
1 68
43 20
88 84
39 19
95 25
61 6
76 12
21 50
28 42
86 89
92 26
98 99
62 96
81 44
11 75
56 86
30 28
6 24
19 92
5 29
23 70
51 73
34 82
42 56
60 94
50 64
78 67
53 61
57 54
48 21
7 59
90 66
2 45
8 72
68 2
72 23
97 71
44 8
29 34
36 37
89 16
4 95
49 10
31 36
10 77
40 62
16 17
46 3
63 46
85 31
54 41
70 76
18 9
79 53
91 4
27 60
58 55
26 79
25 38
41 87
37 88
38 18
9 15
64 47
55 11
75 78
93 43
100 98
33 93
96 22
47 80
