500
975444810 552367309 171483191 886745409 820231166 322755401 456254451 273203746 6787998 612552329 699584445 94464191 347300530 546379997 127798302 65160396 888343255 703820129 439224465 494349424 756646129 987157566 576980480 578256877 889416092 57295019 497197710 52789432 8639458 53998981 510566313 967039479 473073856 401993780 406446612 169249507 943203944 183582899 115962481 935233825 236655461 921678883 133573547 871653586 146677829 451527186 389680379 657818480 350106550 799774039 938623188 893941940 340793953 273612225 703017797 63054746 848007207 198888361 600802329 690263188 126163639 267608654 621281291 184958760 765612600 593201304 617916385 990297958 180757658 869388486 330020152 82878100 948741179 439285371 716419917 559500297 114567162 971193944 875723704 945697138 618829303 179703400 595993345 261959919 150901065 499131603 350800067 890884698 966768905 483769173 279951194 633613156 213392904 929525539 706378144 785195942 310999331 82466106 994347832 763754815 678933821 189050522 534646510 381099173 720591991 814550856 85439238 469802275 787537784 457770403 860235907 186835640 125129403 671262409 479923569 162659414 406020482 640591537 727180645 592300158 271688934 732470937 140207570 870041793 667261484 994209230 830390079 332605302 539899644 36071608 216464536 220371834 17929511 530037958 266104348 387589805 446649379 305172202 14269514 349110316 236638448 5705968 806667953 199181680 337768768 189946959 625514354 460177508 394695895 739655044 355739916 265991436 552686844 874916874 432446398 38548208 964062945 879075966 714135299 419975529 923990126 5520385 516391290 303140502 507165194 860746242 267506397 923125292 230908525 273210799 520073679 436389620 872311568 41255738 713151953 683331929 651158927 288711932 818733664 120834365 608528484 525125046 958799492 352272706 594334647 1149004 909178517 55262823 117124111 660411989 321552871 998272325 60478761 853977788 580433075 413933807 831231023 797743501 29781289 772177098 292553580 938550079 215065594 688940105 233988224 43587040 980054057 980111196 671958724 977104050 237563278 97698740 361607223 469816154 477573920 758127009 503983994 156864561 178214313 581773648 170320951 684768224 293157362 265634638 895124731 417407393 394773979 265661461 321557065 817859087 114536569 576085525 889364109 286794928 10304916 692083049 150077737 606491031 51473053 558443730 727805478 178415400 480090883 581537932 956346400 652839450 657658838 504713297 763991631 433628496 126039065 872376162 923754367 366150475 585192398 552245860 552225287 759422718 964157148 76906956 685155343 405278229 116852943 703312036 620942891 105418758 982117418 29865440 357779024 920675251 104771507 29329098 464500985 813892511 597974684 731430781 823934214 309226032 355705565 363899476 758483029 120048219 843161393 639861629 436459632 137598154 541982081 575285804 371208810 129234127 206468239 290046674 276977476 71124057 190176793 295512790 417125510 561157702 305340509 35125559 869284 978603452 2857443 905405385 751059394 729574613 115976931 89713894 512371875 627340545 11730964 903785666 799405579 46172486 824648056 368246498 296731059 962629535 210144523 377972146 419364606 511562879 136730706 818354156 399320955 955400246 923147419 435489207 808676549 550181983 354295134 189930287 978147505 779966203 564660927 672294928 623037989 184107299 950844194 761095714 294735774 173233927 369086365 585371277 281543205 852962026 263647351 611808324 588910769 761327631 581814821 798772574 353129923 939141114 215452057 356096024 748556131 192299595 688767407 348867491 848571032 82152473 80892355 129984145 35549303 696996934 717201757 298091758 313823360 51557090 915961924 377343934 9304323 668761563 870758369 191240561 654711720 328576222 288167167 741785619 637996633 211144126 448757173 241263612 751795899 746656038 130392209 890559286 386849634 504616680 639130475 574147693 581798089 424185022 447142493 964744995 645831864 907293511 701715318 859936082 972422093 822927914 172147427 741400648 20251859 703508247 328079224 941741404 266829827 90812520 732203604 138972933 882852228 556235157 165818707 619327277 374292477 210349856 127166143 650089111 586074954 403431697 966677063 990807668 145283968 342733602 30958360 406899283 447157123 628272839 538606427 639704455 123527671 398956585 176461881 917621989 912732480 945777708 796067598 184782593 713755962 589178261 408038715 699500066 796211517 619842447 419860303 869015576 258507335 732023967 994573476 591653011 921997184 403987334 384986247 986739873 100134717 478639089 889432684 331362565 328615643 197843365 879048084 983935147 940376108 458667949 538807978 524440721 801800585 811422981 815483377 949468011 856701026 360405245 916664613 145015612 449978310 956099263 725554363 427589623 922317393 992666117 938749417 89322999 331062028 146957380 457604741 798367721 25833000 23895668 371847831 164270785 600112528 796162326 411514576 193371196 947891971 717921388 711849546 369779559
18 325
423 232
65 135
195 429
79 35
202 210
146 336
371 32
142 133
383 311
494 138
309 158
194 444
233 186
334 220
387 105
39 365
426 152
47 143
380 318
42 8
87 338
154 424
471 52
77 388
256 491
323 262
398 18
31 228
59 237
306 317
413 59
209 378
137 431
408 112
51 351
302 303
20 77
344 146
444 103
358 149
318 414
499 61
81 257
380 230
379 324
25 117
55 295
90 368
170 148
48 264
87 452
270 273
454 25
51 305
201 159
229 345
282 272
376 246
199 44
166 84
450 322
462 472
122 91
112 266
457 14
411 348
127 196
146 474
400 80
256 299
142 198
142 380
252 261
344 191
20 276
344 165
146 423
152 447
411 275
422 150
299 51
344 235
323 95
419 140
459 239
17 111
468 7
97 451
218 306
165 370
326 54
252 320
399 443
167 409
281 402
151 197
387 96
393 374
297 364
265 327
263 410
462 214
107 313
423 352
443 248
382 376
303 217
1 259
474 49
471 160
216 85
486 490
201 308
462 3
142 170
99 190
442 233
360 362
96 50
264 16
484 369
356 19
90 60
387 174
153 179
419 209
421 463
306 56
429 12
317 42
162 86
499 395
220 294
499 355
257 289
302 124
417 498
450 128
474 231
242 435
440 177
140 465
68 496
430 182
151 478
108 426
423 123
213 439
68 108
93 323
471 168
117 387
423 270
15 470
426 53
155 38
158 390
398 256
74 471
397 300
53 166
423 499
118 106
310 393
142 417
101 457
79 253
79 81
369 153
320 484
186 94
170 309
114 473
224 63
320 218
432 449
371 36
380 441
216 43
7 296
62 90
25 437
474 163
329 21
107 137
90 341
432 489
288 440
82 67
474 126
183 397
489 403
298 27
366 340
241 22
131 155
338 39
142 119
282 216
279 386
83 215
117 226
435 200
440 432
454 450
473 222
98 240
108 377
133 314
77 4
303 156
122 11
344 93
480 360
380 199
113 391
431 412
229 359
194 201
59 131
28 229
34 225
309 187
192 330
499 293
252 430
96 405
218 175
428 242
226 446
322 312
471 418
195 37
428 250
50 227
437 333
442 344
253 349
154 129
220 223
189 193
474 183
203 89
464 172
320 279
59 221
106 307
201 468
366 254
331 110
423 331
251 69
372 24
297 453
41 346
395 58
68 192
491 88
467 469
302 206
429 483
428 401
356 396
107 23
165 115
418 357
106 298
256 121
202 271
247 337
398 487
450 15
264 104
61 475
259 269
265 1
95 212
450 48
226 328
364 268
117 151
186 173
495 118
233 252
496 334
264 144
435 178
72 408
139 404
40 329
113 13
385 366
454 68
309 107
299 62
380 236
16 347
342 161
236 492
224 136
247 274
86 33
48 47
68 464
467 5
490 284
108 55
447 427
68 154
96 109
177 480
138 363
334 202
183 122
123 375
288 142
15 6
192 75
142 113
233 87
344 398
108 285
392 2
428 130
105 448
244 290
440 57
429 494
382 30
429 255
117 304
408 219
218 258
151 392
499 20
309 195
241 416
37 425
283 456
55 71
413 302
286 459
18 356
252 204
500 134
108 127
141 211
223 157
28 147
355 203
302 65
495 411
59 125
20 185
426 495
494 373
34 406
326 188
146 265
399 99
187 399
61 114
213 46
53 353
238 34
496 17
186 458
80 467
302 282
279 213
318 497
440 72
218 367
74 281
162 194
117 28
204 66
75 488
119 10
416 184
315 45
491 76
255 267
331 278
88 455
201 26
86 389
444 422
29 162
37 145
232 31
446 319
204 315
1 350
435 420
285 277
282 382
344 288
55 205
445 466
97 73
20 462
95 500
25 442
35 251
192 176
442 92
276 316
72 116
320 400
426 434
193 343
57 78
486 238
303 485
450 421
235 283
484 339
142 100
352 102
152 247
1 169
268 415
218 79
53 385
111 83
363 263
457 245
146 486
114 321
166 132
25 413
15 371
119 286
491 384
306 476
495 342
55 181
143 460
124 208
454 139
171 97
124 64
387 29
8 433
117 180
29 379
34 383
423 326
314 482
196 358
370 361
231 243
471 41
166 481
16 292
198 493
65 477
384 234
187 354
42 9
188 171
330 101
445 335
360 372
42 407
86 461
141 287
226 74
384 332
443 280
177 241
419 40
57 297
327 189
486 301
379 164
426 207
387 310
15 394
201 436
270 70
281 428
222 260
353 98
383 120
108 381
100 244
71 438
162 249
264 141
214 224
96 479
408 82
342 445
418 291
65 419
326 167
