20 100 0
832300
832300
832316
832300
832300
832300
832300
832300
832300
832268
832300
832300
832300
832300
832300
799532
832364
832300
832300
832300
832268
832302
832300
832300
832300
832300
832300
799532
832300
570156
832300
832044
832300
832428
832300
832300
832301
799532
832296
824108
832300
832300
828204
832300
832300
832300
832300
824108
832300
832300
832302
832300
832364
832300
832300
832300
832300
848684
831788
832300
832428
832292
824108
832300
832300
832300
963372
832300
832300
832300
308012
308012
832296
832301
832300
832300
832300
832300
832301
832300
832268
832300
832300
832300
832300
832300
833324
832300
832300
832292
832300
570156
832300
963372
832300
832300
832300
832300
832316
799532
897836
