20 1000 10
760839
666736
690649
374355
442348
784130
740048
240404
379240
212689
895556
937775
410752
767877
832697
325475
219367
515885
702704
639675
828692
42793
672353
968731
854987
323408
417311
243141
276434
539176
551381
697714
99722
893214
15015
265459
1023114
611116
996187
144242
1033099
970053
241932
433402
262474
820396
640319
394189
314360
858237
835082
447832
583541
2028
585731
1015
528680
370560
500002
962550
176647
971001
493527
251831
1027782
382704
344185
29724
911409
579285
665721
249437
77767
935114
493949
539546
207677
137127
216139
199513
62533
1033455
585579
85562
602109
910975
712287
376423
506490
816437
874291
186223
139948
886331
1036242
970440
228620
1012136
414891
76177
507106
798462
514898
1043361
204838
454680
359179
473043
279643
410497
453047
880132
454725
492362
960629
107880
474658
111637
523994
576909
615372
900914
980155
15453
399764
391253
86468
278453
997159
286667
180000
62846
417672
798984
315219
987758
274613
448396
354419
606519
908282
372614
122938
208141
204767
54378
786267
737300
777820
121384
1025146
205946
958125
990111
641598
838779
206598
997197
843771
17472
307949
840612
943197
738303
4272
409074
627042
297671
424140
447811
165018
462146
801398
553598
55783
243892
947770
823301
91345
390922
645469
812474
41909
532434
50295
706943
959203
86590
453072
217217
89577
676375
747748
220917
135042
694187
68563
34140
902152
895863
18941
167481
378860
437846
368657
1038069
333368
769437
659229
779581
539008
744846
875619
529552
291257
910468
997124
827549
528806
705228
622342
39796
1024051
751295
768702
864715
519125
591747
168986
470690
962851
28868
206390
405723
569192
674761
273379
93782
384750
45325
148205
169261
959616
867467
223910
415268
916361
266658
360441
651750
564574
689179
1045391
468450
292945
529961
884482
302222
41852
327136
191915
708572
764529
1023153
873718
560124
709948
735881
770352
738333
169114
882772
477150
395427
520139
393922
884574
129213
489687
190765
196180
111009
130811
431580
689186
890752
150639
807594
32485
259053
275814
171100
1034782
945209
883553
310691
591123
265509
806397
777711
847484
37684
27624
217160
344896
762844
535934
630499
902175
964308
927082
166169
830886
970300
591776
19117
172368
896351
3444
398153
775713
846805
436079
1033145
547508
765115
675789
43267
100281
1019212
690958
1048015
108731
700813
711322
768891
659654
329294
862913
648149
893722
900438
453486
772224
831494
58898
340971
788626
771127
681403
669255
255854
170555
47670
472176
551178
961939
361048
1041013
178063
405166
476768
766235
636595
788256
927569
38003
644130
600492
125284
976693
352637
1042602
996468
358151
1010486
528540
658175
87591
969853
900995
394077
680507
131627
1019646
691963
372105
574503
418043
919007
414262
850135
149624
150018
1026398
48707
249112
716497
377342
6979
708471
582664
74830
83176
857050
508423
1043576
562227
851106
80036
318131
649427
30388
940493
667594
346020
892340
700946
159368
779201
153209
921050
803078
4043
400510
334532
582632
502279
497514
802436
586545
37585
215668
130968
1040094
334333
549824
29853
926055
326674
463104
750962
836740
78461
563162
624664
594693
493305
980038
805643
985553
389849
532975
123453
939856
926364
436421
373792
889798
998467
66442
72252
784908
610432
306640
969429
74839
107296
626146
282072
675817
946326
1000644
346572
294284
263399
521380
879896
439849
451786
977517
394006
84630
102325
187233
151451
482696
41143
388728
655688
4621
672319
971497
1026210
193431
705276
962887
361217
746060
390089
586351
237760
676672
139683
749619
915343
619132
516808
533891
644833
108381
1039937
395837
895509
465651
626453
460001
855901
196512
462499
650860
328533
58376
826670
48122
728049
157412
138099
626939
88141
447327
691215
621018
657210
752325
517365
63832
312041
528580
690581
798577
384222
54106
686806
939759
366535
952001
745104
692006
691159
827040
321889
520273
926194
1927
695987
660841
180694
565631
912652
416020
79619
211266
410484
555045
716075
199561
696423
243015
434062
58363
863069
906121
189199
623513
537335
304715
570335
63435
908429
105259
315266
694213
882316
673399
670466
12456
996677
124005
168572
405515
547582
850121
66004
614466
142798
944668
647159
1004218
493309
82698
617913
312167
534302
1018129
630749
45997
959361
273983
628810
911674
775772
378024
800160
897497
935234
727825
373654
701282
777773
561124
385504
364410
923288
822894
145856
35797
850908
783653
439379
810601
347722
162709
886355
96560
388510
764932
94194
430108
378854
794668
663150
777869
172144
529954
727888
903315
158179
229489
638105
310809
179811
1032711
186854
620099
299477
342880
284759
786001
723009
521335
808116
301326
4617
522923
37609
956631
853484
1047116
839606
809450
750353
798583
961283
81011
413201
143807
454009
382729
995981
521683
566344
561444
113265
677280
28805
765866
456184
1039170
664733
162105
624163
676712
962058
484608
285773
851515
169278
1652
596262
291158
811490
685555
9306
518099
591951
147753
709115
370343
172564
181798
283550
38445
905713
741567
239103
369104
992235
523927
733428
125122
944484
938655
556995
739443
848978
949481
802548
868254
646031
964786
417909
571656
440257
412399
2682
766366
385358
763431
1040634
160649
827937
949343
518549
484417
44027
745329
260351
787295
156443
563568
871230
470240
413249
309545
237494
603679
953494
215270
44328
1009097
822687
588271
687701
268126
725001
462331
217173
477716
25593
929621
502859
289073
608196
600006
453107
395307
221120
157535
167037
532322
938576
11766
227948
285038
996039
476153
441645
973020
678645
94894
208678
720465
750548
34044
407063
573608
983477
599261
937567
272594
447960
743556
947569
208734
45631
956423
817597
392181
591129
149214
857403
926641
806956
597112
421526
548071
589994
726270
507294
726142
854962
934556
705499
565584
148395
353926
71775
778247
645952
671693
157192
602850
727633
440809
656965
367660
124205
751955
468767
740898
667504
95785
9532
442721
298824
642545
643105
594059
772363
319895
830681
849219
440409
459260
452057
470803
762260
589541
603322
1028640
425918
846323
1020550
201087
91006
864761
1044298
56829
423434
618964
859494
4137
105598
298771
226639
698278
729049
19223
853392
873126
681903
868946
898821
525169
864794
960657
435441
486774
334080
913569
747127
505124
458844
742279
277015
1044280
345522
1041836
123167
648473
518923
242810
316691
556319
178728
497876
809940
816820
348822
189837
962583
76025
487684
740828
436404
424977
107731
34800
937168
268278
533658
666519
593697
118392
38445
745365
917326
666027
397065
627280
133598
133511
754699
312802
342637
826298
387478
192185
21214
514921
650431
555395
582816
885535
507222
417972
928427
495758
385362
495870
575446
255467
381639
487065
562370
162771
875748
422741
898795
276903
546340
228515
273748
639217
234739
359240
714245
265334
584258
868120
922379
191687
481586
418347
259266
297155
874752
48208
287682
395456
277373
624036
723057
26069
803275
848894
632431
211032
499522
922781
62767
509343
359918
711926
1045526
457060
772279
739322
369848
127502
