20 1000 19
71038
846497
961153
977537
977569
846529
944257
830081
977545
1043089
977541
975489
977536
945793
699009
977537
977539
978561
1043073
977025
715425
977537
977537
977537
1043105
1043075
977537
977537
977537
977537
977549
977545
715649
981633
975505
961169
969361
975489
975361
977537
977665
977537
961153
977537
977537
977545
977541
977536
944801
453249
952961
977033
961152
977537
977537
977537
977537
1043073
1043073
846465
977569
977537
977537
977537
945025
977537
981632
977540
977545
977545
977537
436865
977537
977537
813697
977537
962177
944769
977537
977569
977537
977025
977537
977537
977553
977029
928385
961153
846469
977539
977537
961153
977537
969345
961153
977569
977809
977541
981633
977409
453249
977545
944769
975489
1043137
977553
977025
977537
977537
977537
453265
977537
969361
977537
977537
977411
981633
977025
969345
969344
977537
981641
975493
961157
977537
1042945
928385
978561
944801
978817
969345
942721
780929
977537
977537
715393
961153
944769
977537
977537
977569
981633
977537
977537
977541
981633
977537
715649
977537
962177
1043073
977025
975489
981633
977537
981633
977537
977601
942721
977557
977537
969345
977569
977555
975497
977537
975521
977537
453249
715393
960641
977569
977537
977537
1043081
1043105
981633
977793
977601
945793
981633
977537
977537
977537
1043073
1043073
961153
977569
847489
978593
453249
962177
977537
961152
977409
977553
977537
977537
961217
977537
977541
977552
977537
977793
845953
961152
969345
977537
978593
944769
977537
978625
977537
961152
715393
977409
977569
977537
452737
977409
977545
977539
961153
977585
977617
977537
977537
942721
977857
981633
977537
977537
977537
977537
977537
977537
977537
1043073
977537
981633
973441
453249
977793
977537
977541
977537
977537
1043073
1043329
1043075
977025
977537
977537
977537
977537
977536
977537
977536
977545
961153
977633
977539
977552
977573
1043089
977537
977537
977617
977537
978569
977561
961153
584321
977537
979585
978565
830081
978561
977409
453249
453121
453249
846465
969345
977569
977537
977537
977537
715401
715409
1043073
977553
977537
977540
977537
977537
846721
977425
977537
969345
1026689
715397
977537
975489
977537
977553
976513
912001
715457
977537
978561
977537
977601
977541
977537
969345
961157
969345
975489
977537
977537
977417
977537
1043073
977537
977537
912001
977537
715425
977029
981697
846469
977537
977539
977537
977537
977537
452737
977537
977537
977537
977537
453249
959105
977795
322177
977545
977537
944641
977537
981889
981637
977537
977537
977633
945025
977537
978561
977537
977569
453249
976897
944257
715401
977027
977537
977633
977411
977537
977537
453281
969345
977601
846473
977537
977025
977545
977537
846465
977537
977537
977537
977537
977569
977537
944771
978817
1043073
977545
961153
952961
944773
846465
961153
961153
977537
969345
977537
977537
961153
977569
977541
977573
977537
977537
977537
453248
948865
977537
1047169
977601
961153
977537
977537
977537
977571
961153
977409
981889
977665
977537
977537
977537
977537
845953
977541
945793
977537
959105
1042945
977537
977537
977409
969409
977537
977537
969344
977537
961153
977665
715393
453505
977555
846481
1043073
1043137
961153
977601
1043073
453257
977537
977537
977537
977537
961157
715392
1043077
977825
977537
977537
977601
977537
981633
977537
975553
1043073
977409
977537
977541
977537
978561
977537
977544
977537
977541
978593
970369
978433
977793
974977
977569
846465
977577
715401
715393
977793
975489
969345
453249
978593
977555
969345
944769
1034881
977537
977536
977537
453265
952961
977537
977537
978561
977601
977545
977537
977553
975489
977025
981697
977537
977537
977537
982657
977545
977441
981665
977573
975489
707201
969345
961153
977537
715401
453257
977571
977537
977537
978577
973441
961169
977537
977537
977537
977537
977569
977545
969345
977537
978561
977569
1043073
977281
977609
977409
977537
977537
977601
977537
977537
453249
977537
978561
1042945
944785
977441
977537
977537
977537
977033
977025
977601
978561
961153
847489
977411
1047169
813697
453249
977537
518785
981632
977553
1042945
977549
977025
977537
977537
975491
977537
977537
977537
846465
715401
978561
981633
944768
944777
977537
453249
977057
977539
977537
977825
945025
838273
977537
977541
453313
981641
977537
977544
969345
981505
977537
977537
977537
715393
977577
977025
965249
977553
977537
977537
981633
969345
942721
978561
715395
970369
977537
977536
961169
977537
453251
977541
977569
981889
453249
1043073
977537
453505
969345
977537
977537
977537
945793
977536
977601
977537
975489
1043073
977537
977409
977601
981637
977792
977539
977413
453249
977537
715393
977537
977537
967297
977537
453249
977537
977540
977601
715457
969217
1010305
850561
977537
977665
977537
977537
977537
1043105
977025
846465
978561
969217
981121
978563
977537
981633
944801
975361
1043073
977537
977537
975489
846497
977601
977537
977537
977025
977537
978561
977537
453505
948865
453249
977601
977537
1043329
715265
977537
977793
977547
977665
977553
959105
977409
977537
977537
977569
977537
978817
944769
969344
981649
977537
959105
977537
715393
1043105
846465
962177
977617
977537
969344
952961
944769
977537
977537
978561
978817
977537
977536
977797
452737
977541
1043073
977537
977536
977537
977537
977027
977537
453249
977601
453249
977809
977413
453257
976513
977601
977025
977409
912001
981633
977539
975489
977537
977536
715393
844417
981633
977537
977549
944769
975493
453313
975489
1043073
715393
977544
707201
977537
944769
977552
715393
977537
977537
977025
978561
1043073
977603
977537
1043073
977025
977537
977538
977537
1043073
961153
1043073
445057
977537
948865
977441
846465
944769
977537
975489
977537
977537
977537
969345
977537
453249
969345
969377
978560
977569
1043073
973441
977537
975489
977537
962177
978565
961157
977537
977537
977601
977539
846465
977537
977537
715393
978593
977537
977553
715393
977537
977537
977537
977537
975489
981633
981633
977537
977537
977537
981889
977547
977577
977538
978817
1043073
977537
977537
977537
977601
961169
976513
977545
961025
1010305
977792
959105
961217
959105
977537
977601
453253
981649
1034881
977537
977537
981641
977537
977539
978049
977537
977809
977541
977539
719489
977537
715265
981649
977547
977537
977601
715393
977537
977568
977409
453249
977537
977544
969344
961153
977537
715457
977409
975489
977537
977025
961153
977409
977545
1043073
969217
977537
846465
1043073
977600
944785
977537
977537
942721
960641
977537
451201
977603
977537
977537
977537
977539
944833
967297
977537
977539
1044097
969344
977537
977537
977537
977537
977609
977537
961153
977537
977537
977537
944257
977537
977537
977537
975489
977537
936577
977601
977601
968833
977539
715393
977537
453281
977793
977553
1043073
977633
977537
977793
978817
944641
846465
975489
977537
1034881
977025
1043081
969345
977537
977540
846469
846481
977569
977537
977809
977541
977609
977041
977537
977409
977537
981889
977553
977537
981633
977793
977537
453313
977409
975553
977609
1043329
977545
977795
977537
977537
977537
975505
977537
977537
977541
977537
977537
977603
945793
1043329
976897
707201
977605
944769
