20 100 10
18950
244618
771023
583142
66781
815499
555378
127563
862975
228628
119403
488094
638790
364630
728150
560591
710925
479420
867356
448995
456244
577825
316701
539361
715087
558010
390244
326059
587967
201340
644820
91849
752878
228631
604336
707938
285149
718485
662928
358876
471816
522909
187703
941203
168031
183897
915047
277738
621678
249496
402223
112919
363561
377294
398209
1016397
910100
510237
229878
101353
935022
563243
637072
655090
529009
845987
473716
681661
130927
711259
108380
917248
303060
309386
789353
178602
377505
121976
169810
287226
1001109
417569
816279
879763
451815
312538
222747
895278
239665
644653
184168
251023
799350
55465
726738
607871
277355
976947
225680
308546
791285
