20 1000 5
435472
649398
163796
928551
247233
510999
332719
353215
55381
877954
612132
89054
730667
168685
161664
648458
557319
519214
295672
842109
205893
392095
99996
700208
611085
434201
910127
283184
923594
777820
865547
51197
859600
273304
109423
887151
824522
460035
410113
112894
122258
984514
344553
58125
859328
993764
814531
169059
275836
1023323
174586
491113
76507
495230
384174
679295
117654
165278
841956
189112
948196
637713
876592
1040797
435945
293025
485269
425974
390617
223643
303896
1028093
966109
112575
408988
501941
197465
767519
360261
146159
829265
237828
422508
405391
227359
694807
926372
96255
252882
46802
578078
320417
389540
765765
672781
118832
544448
236980
720522
234136
417771
757607
672415
970965
703830
87085
112607
657724
211466
61811
178294
38429
364209
399576
910339
1030213
478107
3064
919082
355316
653680
554588
163835
135426
557487
1043942
209157
340259
158405
969711
368847
1750
454014
297173
840376
345897
233382
113208
1038530
17673
614331
439906
207966
648148
772179
746763
571680
828908
554515
643802
157617
519001
676399
821715
786825
275910
402697
775969
502507
754493
718387
723962
988110
849503
790412
544208
901813
306872
119203
707066
1043155
1023602
121210
78477
80656
940341
113183
736021
207791
564840
775087
587571
200080
794113
803059
1012321
974302
431058
368779
1028262
781808
815801
886670
972759
339462
176700
465906
701435
461023
798201
427119
207840
946693
947628
577032
865903
111118
857559
227528
241508
984132
271272
402912
990454
458997
1046601
897833
653978
647395
477399
251909
293086
1012056
24297
369998
478591
36283
376081
15118
267153
984491
466473
942523
842677
475410
64523
392844
664513
926460
789225
801168
1007331
832495
831749
243136
942580
372161
685488
1046527
99722
308156
69482
502167
597036
71156
337431
882726
524173
939668
935427
365992
1003252
792599
353588
292865
750269
397609
219508
984687
464774
652442
880277
776204
140219
178002
13866
879417
322892
622571
140123
912825
666473
221144
528973
20750
730374
4740
380195
316747
987905
576161
1020845
420771
698416
806517
465364
453162
115701
412880
913804
827007
518446
271268
210274
641974
509931
693315
631332
827608
521075
459155
476246
866534
158676
249684
479243
248094
667373
325776
514450
303228
543072
775439
569766
298424
969625
445184
384191
19564
163524
543003
460642
666859
964665
108155
411929
536159
725626
991408
49607
340545
500060
957873
604220
822771
493546
985399
42444
411429
647258
942734
15199
35344
70154
270044
819351
822607
104640
654027
165840
985425
919247
227933
686998
419237
136974
1027244
671215
910570
695674
192290
744293
548674
901167
599815
673752
466316
527657
888284
596589
841126
964117
732749
926373
935767
695228
473640
568627
970165
899182
978909
664037
190708
169070
719260
1028126
916119
547863
839772
714405
394226
547000
356730
353312
749399
4061
119893
492316
571469
114918
37041
235933
760973
1000858
945005
135724
53953
817463
407627
752569
8136
384622
628069
111978
44781
134553
371993
243434
726780
1013512
233190
712045
427503
13623
601097
50089
360327
23653
887682
1009174
994098
333749
352644
981021
975484
836393
635556
961299
57270
442059
575528
787539
993049
980358
365830
494238
34521
8155
821803
966611
25311
36243
808506
991251
141227
786307
179352
371010
151144
349243
94921
221483
84542
840738
870601
42917
913739
240992
659641
907557
896018
457286
160221
485676
937101
288823
883536
307215
698068
235457
306450
205778
78709
14258
812309
921152
1045880
496695
154994
510731
688242
572734
183601
967495
487414
391347
690041
69372
324369
696665
813293
1012282
982094
262682
193325
921787
459432
75543
875844
974380
511013
432230
931344
847233
160146
699866
578412
191509
93313
310703
461714
242973
200580
876527
848965
80151
542685
736498
972486
691044
728409
855465
107829
926144
956140
326182
462061
963152
81215
724204
699155
921795
949045
316810
731196
261240
74997
977725
456137
417849
175219
554057
472803
27974
232747
1045727
30459
404017
677176
934116
897021
555490
960676
185293
91786
35258
656179
829273
961994
432472
1021985
528031
739884
275079
52612
443909
598955
94053
197060
139281
823637
9375
461405
611662
180371
623782
327161
55232
130152
63912
426021
186624
686583
682828
87251
266409
885542
418183
992021
1406
296081
691320
307051
793118
317311
899160
44446
122940
232843
566370
982626
659810
374825
503477
199647
769212
83897
461519
737172
684056
299082
985575
103303
1020730
166265
41110
351942
894354
558162
223123
626573
824243
667938
654971
585285
565904
402326
492435
913550
627096
680025
939582
939812
997259
437246
687261
582991
951995
984751
815856
245622
145433
509606
460088
337649
600967
482896
99087
671422
407011
314666
1000676
25897
649440
585058
632997
418870
18453
588914
406792
561491
470297
42660
1000432
476834
445991
773921
13331
274145
470116
10273
893632
931374
672757
859606
142754
386944
253043
966642
749457
1030183
164560
1034514
240819
72881
575060
6711
665202
472434
302167
1005470
66283
271344
39751
107437
566140
731249
520157
224721
606836
144899
1022113
764178
108108
76056
388879
247495
145743
86330
578568
639391
395719
490424
670663
211636
281567
845482
463235
285634
310595
709223
68395
490464
780821
410709
1008570
231877
60325
524937
245138
650617
125834
804115
528657
891867
822420
822591
339761
925253
202104
993733
55766
782594
478064
974505
1015083
1008535
400764
620751
386891
659192
312911
138242
742230
383886
974219
485462
691582
1003708
228580
1015031
871934
758774
944215
457312
266226
371663
118306
680751
128629
134049
665612
511859
920118
926576
714044
303142
44596
729490
170090
903322
654422
539335
329760
918727
469907
578938
959218
464178
337679
382627
618839
75010
14125
819138
82360
958151
547909
751357
981258
668633
1019303
883355
971602
754180
331922
1039503
1047785
637527
677946
251261
1027141
439674
823393
179867
365460
595682
264527
517580
747471
185685
12963
948807
151433
808589
71331
72495
39143
28906
1029437
32015
211521
591854
266304
10528
432409
714627
442147
1037150
797834
277197
956523
247281
640372
230157
164773
10562
211715
591008
47022
816523
1034942
1023727
247424
833023
1002122
958372
1019899
121870
914881
643396
380476
914250
598750
485182
342885
298551
839327
850548
809864
238417
695762
513273
268877
457293
393800
255108
819935
719758
85194
232361
1005019
672369
260172
66374
728606
206316
464470
7665
868258
346352
440720
918031
974035
204515
300103
120990
473248
967030
368826
22524
723313
633926
518732
20545
494251
836588
878725
824281
321797
393607
504141
695366
348075
196527
875042
340584
1017600
627679
832463
939142
556107
518134
672357
619968
813657
465444
1024088
595424
510131
897750
776265
487111
322407
586723
330113
782102
887273
338091
1014749
128705
311799
693565
424303
968058
357805
581614
663271
411108
851835
568454
145697
1018529
669254
994766
273179
388700
639506
989552
211971
704878
883043
554402
673738
309147
580008
224287
140989
442985
896186
271725
907187
849559
571394
89209
569844
533995
283982
640218
1034671
780428
