1000
991 995
1954 1958
1346 1350
706 708
1759 1761
2372 2376
1462 1464
292 294
428 432
860 864
2021 2025
2192 2196
1364 1368
2098 2102
2848 2850
1156 1158
805 807
445 447
1534 1536
1840 1842
1738 1742
1045 1049
2002 2004
1535 1539
2588 2592
562 564
2722 2724
1669 1671
1372 1374
2065 2067
2723 2727
2740 2742
635 639
1111 1113
1945 1949
1939 1941
1126 1130
185 189
1652 1656
1207 1211
671 675
2458 2462
2210 2214
2386 2390
1675 1679
1112 1116
841 843
2344 2346
1238 1242
1436 1440
86 90
211 213
1576 1580
2125 2129
743 747
2992 2994
1108 1112
703 707
1139 1143
550 554
2368 2372
1805 1809
1558 1562
409 411
1651 1653
2767 2769
2408 2412
76 78
301 303
2506 2508
959 963
661 663
1742 1746
2161 2165
148 150
2993 2997
2341 2345
2984 2988
2363 2367
419 423
1918 1922
2782 2786
1814 1818
1966 1968
626 630
244 248
1778 1782
2948 2952
2755 2759
2035 2039
2255 2259
1183 1185
2534 2538
203 207
2044 2048
2575 2579
293 297
1747 1751
2686 2688
2075 2079
2053 2057
1994 1998
2350 2354
616 618
343 347
1333 1337
2804 2808
280 284
1481 1485
2236 2238
311 315
19 23
220 222
1378 1382
2413 2417
2692 2696
1909 1913
2624 2628
802 806
2678 2682
226 230
1202 1206
2710 2714
104 108
730 734
544 546
2944 2948
2561 2565
68 72
1993 1995
49 51
2089 2093
2548 2552
1684 1688
1958 1962
2281 2283
202 204
2614 2616
878 882
1144 1148
1630 1634
1135 1139
2206 2210
1562 1566
1526 1530
1760 1764
2696 2700
1201 1203
2966 2970
2732 2736
158 162
2074 2076
2524 2526
1876 1878
2462 2466
1643 1647
2416 2418
1985 1989
1414 1418
2989 2993
1678 1680
1607 1611
190 194
478 482
2674 2678
139 141
2881 2885
2353 2355
2183 2187
2579 2583
2389 2391
563 567
905 909
2260 2264
383 387
2866 2868
2830 2832
2596 2598
2291 2295
2062 2066
319 321
1049 1053
73 77
257 261
653 657
1705 1707
1972 1976
2345 2349
109 113
856 860
1921 1923
1715 1719
2980 2984
2542 2544
1220 1224
1387 1391
1498 1500
1801 1805
2101 2103
2713 2715
2695 2697
2188 2192
1615 1617
347 351
941 945
1318 1320
1189 1193
2470 2472
235 239
1184 1188
2912 2916
1859 1863
2605 2607
1831 1833
865 869
50 54
950 954
1327 1329
2956 2958
1265 1269
2263 2265
176 180
472 474
1589 1593
1594 1598
238 240
46 50
842 846
1093 1095
2147 2151
640 644
1085 1089
2200 2202
541 545
2953 2957
581 585
2854 2858
2516 2520
832 834
442 446
973 977
2197 2201
2764 2768
424 428
379 383
2836 2840
1648 1652
928 932
2638 2642
1702 1706
2201 2205
1004 1008
1306 1310
1984 1986
968 972
577 581
514 518
922 924
2155 2157
580 582
652 654
2029 2031
2812 2814
1243 1247
2803 2805
2971 2975
1927 1931
982 986
1508 1512
400 402
1571 1575
2215 2219
946 950
1625 1629
1210 1212
2876 2880
1687 1689
415 419
2512 2516
275 279
469 473
793 797
2731 2733
2587 2589
2632 2634
508 510
1903 1905
391 393
1432 1436
631 635
1129 1131
1216 1220
751 753
256 258
2867 2871
455 459
2809 2813
806 810
388 392
2800 2804
2858 2862
2975 2979
2390 2394
1315 1319
1913 1917
1858 1860
896 900
775 779
995 999
2381 2385
910 914
1396 1400
1075 1077
37 41
1720 1724
1894 1896
1661 1665
1504 1508
140 144
1009 1013
1751 1755
2152 2156
1399 1401
499 501
1354 1356
685 689
1603 1607
2102 2106
2489 2493
2453 2457
302 306
2560 2562
1427 1431
985 987
1292 1296
2395 2399
2488 2490
1 5
680 684
1219 1221
1895 1899
229 231
2839 2841
1319 1323
1426 1428
1612 1616
271 275
814 816
1057 1059
869 873
1777 1779
1670 1674
553 555
355 357
64 68
1472 1476
2425 2427
1094 1098
2299 2301
2728 2732
32 36
491 495
1999 2003
2539 2543
667 671
2917 2921
1832 1836
2128 2130
2899 2903
253 257
1288 1292
2305 2309
1405 1409
346 348
1309 1311
1688 1692
2795 2799
2431 2435
523 527
535 537
721 725
1810 1814
1621 1625
1567 1571
2156 2160
1660 1662
1099 1103
382 384
2647 2651
1040 1044
373 375
766 770
2785 2787
1792 1796
10 14
2821 2823
1616 1620
14 18
509 513
887 891
2272 2274
2498 2502
2120 2124
796 798
247 249
1234 1238
1165 1167
2620 2624
325 329
1283 1287
473 477
1018 1022
2354 2358
1733 1737
739 743
2377 2381
1849 1851
1850 1854
604 608
1459 1463
2174 2178
2857 2859
1949 1953
338 342
2110 2112
1003 1005
2813 2817
1120 1122
1877 1881
1012 1014
2287 2291
1714 1716
2578 2580
1787 1791
1360 1364
2056 2058
193 195
2962 2966
644 648
1030 1032
2669 2673
95 99
797 801
2569 2571
2515 2517
716 720
964 968
2440 2444
284 288
131 135
1642 1644
967 969
1679 1683
356 360
1885 1887
82 86
1976 1980
418 420
2530 2534
487 491
811 815
2875 2877
2471 2475
2138 2142
526 528
181 185
337 339
2566 2570
1261 1265
2920 2922
2714 2718
2336 2340
518 522
859 861
2485 2489
22 24
2533 2535
217 221
1525 1527
931 933
212 216
2840 2844
157 159
2926 2930
2326 2328
1084 1086
572 576
167 171
2030 2034
1543 1545
940 942
1981 1985
1273 1275
586 590
1489 1491
1580 1584
1435 1437
1967 1971
1175 1179
847 851
2611 2615
1930 1932
5 9
1066 1068
1067 1071
2494 2498
2974 2976
2461 2463
1130 1134
1765 1769
904 906
316 320
1391 1395
2957 2961
2242 2246
1639 1643
1882 1886
2443 2445
2633 2637
1237 1239
788 792
913 915
2758 2760
163 167
1544 1548
274 276
410 414
172 176
2507 2511
1597 1599
1804 1806
4 6
757 761
1256 1260
643 645
2111 2115
1027 1031
265 267
1228 1230
734 738
2665 2669
1931 1935
1912 1914
1868 1872
752 756
374 378
59 63
2659 2661
886 888
67 69
1031 1035
1102 1104
1774 1778
2164 2166
2746 2750
1297 1301
1796 1800
689 693
2890 2894
365 369
1585 1589
1741 1743
2629 2633
113 117
1507 1509
877 879
94 96
2668 2670
2818 2822
266 270
679 681
1310 1314
2422 2426
617 621
607 609
23 27
715 717
1828 1832
2273 2277
2093 2097
2426 2430
1729 1733
2323 2327
1337 1341
2008 2012
112 114
2677 2679
1054 1058
184 186
1819 1823
1693 1697
2597 2601
2246 2250
1076 1080
1531 1535
2039 2043
2849 2853
1450 1454
2651 2655
446 450
2593 2597
536 540
958 960
2687 2691
2264 2268
2444 2448
1198 1202
2845 2849
2719 2723
1381 1383
2894 2898
838 842
2791 2795
707 711
2701 2705
2525 2529
2705 2709
2777 2781
1418 1422
2071 2075
1936 1940
937 941
464 468
725 729
2903 2907
2650 2652
1270 1274
2173 2175
370 374
850 852
2398 2400
2737 2741
2749 2751
1121 1125
1162 1166
2480 2484
1369 1373
2947 2949
1147 1149
1400 1404
1786 1788
1103 1107
2269 2273
307 311
1423 1427
2092 2094
2399 2403
2885 2889
1324 1328
527 531
122 126
1328 1332
748 752
28 32
770 774
1957 1959
589 591
1633 1635
1013 1017
820 824
2921 2925
1841 1845
901 905
2552 2556
1036 1040
2011 2013
2908 2912
1211 1215
199 203
1022 1026
2107 2111
2254 2256
2227 2229
1342 1346
932 936
613 617
1229 1233
2938 2940
2822 2826
1148 1152
1490 1494
2902 2904
2038 2040
1171 1175
1579 1581
568 572
481 483
598 600
194 198
91 95
2317 2319
1795 1797
2314 2318
289 293
1606 1608
130 132
658 662
127 131
2209 2211
1174 1176
2704 2706
2182 2184
1409 1413
1553 1557
2380 2382
437 441
1274 1278
1706 1710
1723 1725
1588 1590
2233 2237
1516 1518
248 252
778 780
1900 1904
2584 2588
2452 2454
2012 2016
532 536
310 312
1252 1256
2219 2223
1300 1302
352 356
1666 1670
2965 2967
100 104
2557 2561
1117 1121
1846 1850
1750 1752
1864 1868
976 978
1990 1994
2327 2331
2300 2304
1822 1824
505 509
329 333
1513 1517
149 153
1363 1365
436 438
239 243
2656 2660
1417 1419
1390 1392
622 626
2759 2763
41 45
1444 1446
2224 2228
2794 2796
733 735
2773 2777
1499 1503
1463 1467
1471 1473
2929 2931
451 455
1180 1184
1454 1458
2003 2007
2017 2021
923 927
2119 2121
392 396
1090 1094
1783 1787
500 504
2309 2313
851 855
2497 2499
1468 1472
1081 1085
2359 2363
328 330
1561 1563
1048 1050
2863 2867
2884 2886
1696 1698
634 636
761 765
994 996
1624 1626
2476 2480
298 302
1291 1293
779 783
2026 2030
824 828
2435 2439
2080 2084
136 140
364 366
2179 2183
1634 1638
955 959
262 266
914 918
2047 2049
2831 2835
145 149
2521 2525
103 105
490 492
2479 2481
1711 1715
1000 1004
121 123
649 653
2278 2282
1975 1977
1157 1161
2998 3002
2218 2220
1598 1602
608 612
868 870
1522 1526
815 819
1255 1257
2228 2232
2776 2778
397 401
2129 2133
2911 2913
334 338
2308 2310
559 563
2570 2574
2741 2745
40 42
2683 2687
2237 2241
2143 2147
2146 2148
2467 2471
1486 1490
31 33
1247 1251
154 158
13 15
1549 1553
554 558
784 788
1192 1194
760 762
2020 2022
2290 2292
1351 1355
833 837
1867 1869
1225 1229
769 771
1166 1170
2245 2247
2362 2364
1063 1067
175 177
2750 2754
1768 1770
2318 2322
208 212
1657 1661
2296 2300
977 981
482 486
625 627
2434 2436
712 716
724 726
58 60
895 897
1021 1023
1823 1827
1948 1950
1517 1521
2551 2553
230 234
2335 2337
590 594
2623 2625
2417 2421
2251 2255
283 285
427 429
517 519
1441 1445
1153 1157
1477 1481
2134 2138
2786 2790
2116 2120
1382 1386
892 896
118 122
401 405
823 825
2939 2943
2615 2619
949 951
2606 2610
829 833
694 698
2137 2139
77 81
1873 1877
2503 2507
1246 1248
571 573
2407 2409
2983 2985
55 59
874 878
166 168
2170 2174
676 680
1039 1041
1480 1482
1301 1305
85 87
1279 1283
1336 1338
496 500
1138 1140
662 666
1837 1841
1453 1455
2371 2373
1408 1410
1724 1728
1495 1499
1540 1544
2872 2876
2282 2286
2449 2453
2057 2061
2930 2934
2066 2070
2543 2547
2660 2664
433 437
1355 1359
2768 2772
1570 1572
545 549
2165 2169
986 990
1855 1859
1552 1554
454 456
1193 1197
1732 1734
1697 1701
1891 1895
2083 2085
1445 1449
320 324
1963 1967
595 599
883 887
1058 1062
361 365
1072 1076
463 465
1282 1284
2048 2052
599 603
221 225
670 672
742 744
1769 1773
697 699
2642 2646
2191 2193
406 410
2404 2408
460 464
1886 1890
2893 2895
1756 1760
787 789
698 702
2641 2643
1922 1926
1373 1377
2332 2336
1264 1266
919 923
2935 2939
2084 2088
2602 2606
1813 1815
1940 1944
688 690
1345 1347
1904 1908
2827 2831
