5000
19553 19563
9679 9686
21743 21751
15170 15171
15954 15955
12220 12222
27082 27084
16807 16817
11240 11241
6535 6538
5474 5476
25309 25313
12304 12310
4512 4518
8163 8171
4686 4694
21912 21915
12617 12624
27319 27320
10772 10782
17015 17020
6495 6501
1748 1751
2999 3004
9639 9649
13089 13095
4292 4294
25700 25708
25154 25164
5085 5093
2050 2052
23433 23436
23901 23909
616 626
7446 7451
14616 14623
12149 12158
15019 15025
26045 26046
9498 9505
14361 14362
727 729
27216 27223
9431 9435
18713 18715
16115 16116
6050 6051
15071 15077
3417 3426
17009 17015
20312 20319
1712 1722
15474 15479
9287 9293
13656 13665
26489 26499
24667 24674
12066 12071
15914 15921
3532 3533
7230 7240
20176 20180
5686 5687
24324 24327
26873 26874
18121 18127
8107 8115
13110 13115
5752 5758
27142 27145
14932 14942
3664 3672
12341 12343
14243 14252
20093 20099
22675 22679
22475 22480
7884 7885
18682 18685
5126 5131
9162 9171
4797 4807
2008 2015
20938 20940
6939 6943
1153 1162
4450 4460
22191 22195
8891 8894
22259 22269
7920 7925
2788 2790
14252 14254
13648 13656
8913 8920
24486 24491
16174 16175
5201 5208
22500 22506
10171 10177
2810 2814
14778 14782
22839 22844
22648 22651
6588 6594
4438 4445
26507 26513
19694 19695
20913 20916
25718 25721
15940 15944
10735 10737
8678 8682
11623 11633
1194 1204
6763 6767
5495 5500
14640 14645
10003 10013
488 497
24793 24796
19563 19567
3729 3731
22045 22055
7556 7563
5213 5219
19149 19152
599 608
23859 23867
9686 9690
14208 14209
24263 24272
27314 27319
5687 5692
27200 27209
11326 11335
16961 16963
8330 8339
23447 23455
7273 7282
12841 12846
7690 7694
17615 17625
16010 16019
12988 12989
2654 2659
544 548
19139 19149
21157 21165
8395 8396
19507 19515
12566 12575
8220 8225
5352 5356
20145 20152
1677 1682
4460 4468
17375 17381
15806 15811
9337 9344
5567 5572
15274 15276
16996 17000
20843 20852
20283 20284
25005 25015
23896 23901
2681 2689
17828 17837
4383 4389
15865 15866
26121 26131
22161 22164
26280 26282
24640 24650
5228 5233
5467 5468
20384 20388
97 105
14857 14863
10519 10525
4711 4713
21256 21262
319 325
22775 22776
26904 26911
20827 20834
7160 7161
20958 20968
7782 7783
14314 14322
12873 12883
14652 14661
17308 17316
25144 25154
15005 15011
14107 14117
126 129
23732 23739
536 544
13335 13336
21855 21856
12107 12111
24771 24780
14782 14783
6553 6558
13674 13675
3989 3992
4225 4231
25269 25273
13628 13632
21134 21137
5516 5522
4944 4949
23331 23338
24994 24997
23619 23624
22212 22216
2893 2902
17316 17320
4863 4871
18324 18326
12494 12502
10356 10366
25237 25239
23462 23467
7659 7669
21439 21445
1428 1433
17927 17936
19126 19128
7885 7893
24279 24285
17747 17754
25800 25801
2538 2539
22434 22443
23139 23140
10617 10625
22331 22335
9437 9440
19936 19946
27455 27465
3114 3124
1152 1153
23364 23366
16008 16010
14670 14678
6634 6644
25742 25745
6096 6105
13370 13378
24704 24708
1644 1648
12989 12992
6889 6899
14424 14426
13644 13648
11708 11715
7223 7230
18355 18361
9081 9083
19051 19053
26671 26673
16607 16613
13618 13628
16551 16561
9068 9076
1723 1726
17485 17493
6061 6067
3506 3510
27052 27062
1967 1975
8580 8587
17533 17539
2691 2699
10982 10992
792 793
25810 25819
11866 11868
3223 3224
11919 11926
17020 17028
25746 25748
18930 18940
13223 13228
9263 9271
1662 1663
18335 18345
20030 20036
6211 6212
22987 22995
839 844
11086 11095
2751 2756
8415 8420
22135 22143
12934 12944
16367 16373
11915 11919
18274 18277
3124 3132
13855 13860
6481 6489
25407 25416
26667 26671
12810 12820
793 796
12720 12723
25859 25868
11818 11824
13821 13822
24416 24417
12116 12126
17461 17463
8093 8098
4713 4722
13485 13486
26855 26864
5851 5855
2028 2029
2511 2521
17038 17046
17781 17790
6552 6553
24039 24042
15350 15351
18557 18565
18710 18713
20398 20400
21898 21907
2803 2804
78 85
18565 18575
2539 2547
10311 10320
23832 23842
17613 17615
20020 20026
1443 1447
15963 15970
1258 1263
25926 25932
5597 5599
608 611
26259 26260
1400 1402
3958 3959
7311 7317
12693 12696
8964 8971
2935 2941
5476 5486
13510 13512
18883 18893
25551 25558
5307 5310
3862 3864
25371 25377
21685 21692
6189 6199
7431 7438
24708 24709
2581 2589
20624 20631
7133 7142
11505 11508
4141 4145
13186 13191
23015 23020
23200 23210
14723 14728
27036 27037
24757 24761
1328 1337
15470 15472
12977 12979
11813 11818
26023 26025
811 819
1830 1831
21110 21119
10762 10772
26093 26098
2689 2691
12895 12896
17271 17281
2756 2761
894 904
21991 22001
4153 4162
10276 10277
8635 8639
12171 12175
3526 3532
26305 26311
13433 13443
17148 17156
2291 2301
20583 20587
22222 22225
25422 25428
26430 26437
3144 3153
12944 12953
17570 17573
2171 2179
22466 22467
20763 20773
5077 5083
20084 20091
7258 7268
2791 2796
24899 24903
21588 21594
5369 5371
23265 23273
286 287
18135 18142
26820 26822
12953 12960
4916 4920
1437 1443
20981 20985
12343 12348
20152 20156
2491 2492
18466 18474
24115 24119
24243 24250
25579 25582
8881 8891
24736 24742
26245 26251
3457 3463
15671 15677
26647 26651
1879 1885
21697 21706
24295 24298
5949 5953
20282 20283
26336 26338
6970 6975
4742 4744
26224 26226
19440 19447
5946 5949
10221 10227
24618 24623
21314 21318
3476 3482
13288 13290
14209 14214
13443 13447
14561 14566
23189 23195
10137 10147
4033 4038
17120 17123
17246 17253
5634 5643
15588 15589
27062 27063
6448 6456
6937 6939
16955 16961
20985 20989
5362 5369
7523 7529
27287 27291
5844 5851
24292 24295
18759 18769
6179 6180
6716 6717
20689 20692
11052 11059
6262 6272
15944 15951
26453 26462
23482 23484
7723 7725
13254 13259
5953 5957
5625 5628
18005 18015
1515 1523
22002 22003
14518 14523
4886 4893
26285 26292
3628 3637
15240 15242
6808 6816
8155 8160
18068 18075
14885 14892
4483 4489
5162 5166
18598 18606
14914 14920
9386 9387
14028 14033
14477 14483
6010 6018
10117 10125
6336 6346
1275 1279
17986 17994
25475 25479
9563 9570
24176 24178
12979 12981
25824 25833
21623 21629
11412 11421
20206 20212
5702 5710
19826 19833
21491 21495
14863 14865
3224 3225
11595 11602
16777 16779
7737 7738
6926 6936
1761 1765
2315 2316
15643 15644
26651 26653
526 536
16510 16514
1751 1756
26822 26827
13749 13753
1600 1605
11480 11489
17188 17195
16950 16955
17000 17009
12199 12202
4075 4083
9344 9352
18305 18311
3350 3351
14368 14378
2059 2061
4676 4686
21282 21290
11195 11201
6404 6413
8597 8598
7854 7859
19409 19416
27236 27244
1397 1400
8711 8719
18241 18246
1617 1623
9495 9496
17341 17348
7948 7955
14631 14640
19266 19276
16964 16968
15743 15751
10427 10433
14573 14576
296 300
11206 11214
16175 16182
14056 14058
8487 8488
26720 26722
4519 4526
4273 4274
20666 20668
24517 24522
8098 8107
23366 23375
23410 23411
10449 10451
13512 13522
17978 17986
25496 25498
6421 6429
6594 6603
25885 25890
11287 11291
4772 4776
14942 14947
4765 4772
17675 17678
3558 3564
11649 11655
8547 8552
16685 16693
8772 8779
25169 25176
17178 17188
24548 24558
18659 18666
4001 4009
2725 2726
16576 16580
14813 14820
22830 22834
15709 15719
2779 2781
18533 18535
25292 25298
518 520
10001 10003
23222 23229
17864 17866
23808 23817
6115 6124
24922 24923
22027 22033
11241 11242
8045 8051
11261 11263
19118 19126
16923 16924
7573 7577
14340 14344
14179 14185
21406 21411
11574 11582
4122 4124
17648 17652
19129 19139
10247 10251
14167 14171
21499 21509
11473 11480
11557 11564
195 200
22534 22542
10802 10805
22313 22321
870 877
7711 7720
25214 25217
26714 26720
22396 22402
23040 23047
24903 24913
1765 1772
15695 15705
22738 22746
12462 12466
8958 8964
23753 23759
24682 24688
22572 22582
24471 24480
3954 3958
6323 6326
26538 26547
3968 3970
22527 22534
21393 21395
22679 22685
21272 21282
25524 25527
3324 3328
947 954
1895 1904
17593 17602
18636 18645
4371 4377
27390 27399
18188 18192
1833 1834
6758 6763
24867 24869
21888 21898
4018 4026
7783 7789
15453 15462
23502 23504
21088 21094
23973 23982
25689 25693
2837 2847
21318 21319
5957 5967
16580 16589
2547 2555
9179 9189
20180 20190
13813 13821
5114 5115
12202 12208
25605 25611
16707 16711
26752 26754
1088 1095
17526 17533
11451 11453
3892 3897
5443 5445
23411 23417
9884 9885
13789 13794
4949 4951
24145 24148
9224 9225
12960 12963
19919 19922
9589 9597
854 858
11534 11542
12502 12504
26940 26944
21933 21941
25976 25978
6489 6493
24817 24823
5522 5528
8769 8772
20756 20763
4722 4730
24965 24967
3365 3369
6222 6230
2987 2995
13724 13727
12469 12479
17868 17872
10472 10480
18017 18026
19453 19462
988 993
14332 14340
5581 5586
19926 19928
11946 11956
3173 3175
20648 20653
967 975
22859 22862
10832 10834
11802 11812
22639 22647
3970 3979
17582 17586
11006 11014
17239 17246
19368 19378
9456 9464
26132 26141
25079 25089
14838 14844
24573 24582
885 894
11729 11733
4958 4962
27407 27417
25615 25623
17057 17065
24695 24698
22453 22456
2116 2125
8065 8073
15869 15878
7694 7701
6255 6257
14254 14256
16270 16278
9914 9916
23105 23108
5860 5864
14357 14360
18475 18477
20519 20521
22635 22639
20594 20599
3676 3677
20501 20503
5559 5565
1722 1723
10168 10171
11291 11300
15976 15978
27351 27361
1834 1837
13742 13749
10575 10583
4478 4479
1102 1104
2125 2126
16312 16322
6991 6997
4518 4519
20266 20267
25932 25938
15112 15120
19201 19208
9302 9306
4317 4325
18575 18579
14000 14007
6246 6247
10347 10350
1310 1315
15125 15133
1689 1690
13989 13990
9401 9409
10211 10221
20335 20342
7282 7287
17910 17920
12448 12456
19850 19853
22810 22818
12528 12529
5633 5634
13449 13451
20612 20613
18037 18044
13522 13528
12974 12977
10901 10908
27073 27075
4588 4590
8578 8580
3757 3763
20834 20840
8588 8597
3600 3607
13694 13699
12647 12649
13488 13496
3041 3047
26748 26752
12332 12341
17132 17142
17401 17409
23643 23648
22942 22951
904 906
8204 8208
16064 16067
21248 21255
12649 12655
38 47
13501 13510
20091 20093
19928 19933
7090 7096
2043 2050
993 998
25751 25755
5725 5732
20499 20501
7297 7306
9772 9777
23601 23602
14194 14196
9440 9447
12225 12235
959 967
10157 10159
18940 18943
8530 8538
16822 16823
20142 20145
20679 20689
4821 4826
420 428
1120 1121
8746 8755
18868 18872
9008 9014
25487 25489
10340 10347
20748 20750
5234 5239
23744 23753
16218 16226
25400 25407
25544 25551
4145 4153
15369 15376
929 933
9096 9106
268 272
1608 1617
23020 23027
21477 21481
23879 23887
6608 6613
11349 11352
10920 10921
22694 22695
16353 16358
13345 13348
12559 12563
19465 19472
21464 21465
7893 7897
12723 12733
20607 20612
6326 6327
7200 7204
27155 27157
9156 9162
17300 17308
24136 24137
22730 22737
10232 10237
19833 19842
6839 6846
12029 12034
19488 19496
8988 8992
1250 1255
27075 27082
1623 1626
23637 23643
26979 26980
4420 4423
5790 5797
557 567
5233 5234
25910 25915
17684 17693
7897 7899
20494 20497
3346 3350
12551 12559
4377 4379
21367 21375
20484 20488
3104 3109
17391 17395
5676 5686
15636 15637
16522 16526
20243 20251
13874 13882
17693 17702
20071 20079
22073 22079
15909 15914
1904 1912
10480 10483
6307 6309
20267 20274
18214 18221
1839 1849
5360 5361
16433 16438
21676 21680
21302 21308
26819 26820
6237 6246
7192 7199
3351 3356
8648 8658
21216 21226
18525 18532
20622 20624
4808 4813
1726 1729
8697 8699
27366 27367
22269 22272
12755 12762
21452 21460
24208 24218
3921 3923
17349 17359
24688 24695
10838 10847
584 585
15817 15823
4835 4837
19381 19389
2025 2028
22710 22713
13807 13813
2263 2269
8992 9000
5615 5616
2828 2833
15622 15627
2390 2400
17365 17366
9329 9337
15668 15671
14137 14147
2165 2171
24884 24890
21961 21970
1571 1577
1 8
4584 4588
1742 1748
386 388
24823 24831
1283 1293
16160 16164
14437 14443
5972 5980
23140 23142
1931 1941
15783 15789
26131 26132
2890 2893
24273 24279
26801 26810
26843 26848
6091 6096
11391 11393
10755 10762
1941 1945
21716 21724
23423 23429
1952 1959
9793 9803
16830 16837
3356 3357
17507 17512
23098 23103
17802 17806
2734 2736
5887 5894
13883 13884
16373 16376
16498 16502
18926 18927
15182 15189
22352 22360
14275 14284
3979 3989
18843 18846
2269 2274
14264 14268
1110 1113
5990 5991
5831 5838
10714 10720
18111 18121
145 152
19105 19108
10935 10940
5151 5152
25015 25020
5822 5831
9136 9138
10681 10683
22277 22283
23607 23610
19515 19522
25726 25729
19819 19821
26 28
13990 13998
1131 1140
10497 10502
11824 11831
22908 22914
5599 5609
12521 12528
16164 16166
9014 9016
22627 22633
3641 3648
22250 22259
19073 19077
24355 24363
5310 5317
14215 14216
4416 4418
25508 25518
6027 6035
3260 3270
21970 21978
15276 15278
24967 24971
20212 20221
24699 24704
8733 8739
15659 15662
11017 11023
11841 11847
19378 19381
13569 13578
18700 18710
15315 15322
7080 7090
360 364
6141 6150
24611 24618
16151 16160
11768 11772
25582 25588
11691 11695
4193 4200
25848 25854
20990 21000
14645 14652
21495 21499
5417 5420
14921 14925
13266 13272
27525 27532
1772 1779
18797 18800
1447 1453
1402 1404
9007 9008
11124 11134
2909 2911
14989 14996
26395 26398
19496 19498
25428 25437
26527 26529
16873 16880
21172 21178
6982 6991
19325 19333
26954 26964
9110 9113
24497 24507
13542 13548
47 51
16043 16046
12981 12988
26892 26894
7853 7854
7899 7909
11746 11756
868 870
21638 21640
21329 21335
23509 23517
13161 13168
5536 5541
12400 12407
906 915
20738 20747
2015 2016
27002 27006
15488 15498
21735 21743
371 376
9946 9948
1270 1275
6025 6027
3021 3027
20729 20738
24438 24442
24748 24757
16704 16707
17678 17684
11655 11664
20702 20712
10389 10398
18800 18808
20488 20494
15543 15544
10159 10168
26200 26208
18516 18521
164 166
1214 1223
95 97
9925 9929
20940 20946
4702 4711
10205 10211
20653 20658
8639 8648
25067 25071
6697 6698
7505 7515
2761 2771
19771 19772
14237 14242
5274 5283
26198 26200
9995 9997
6662 6668
16282 16286
10853 10854
12060 12066
1668 1676
15189 15198
19982 19988
16823 16830
3233 3235
19340 19342
23392 23395
16502 16510
22914 22920
9998 10001
4736 4737
8339 8346
9663 9669
23296 23303
11585 11594
25808 25810
26282 26285
23519 23524
7846 7853
1694 1695
6413 6421
9320 9329
4500 4509
4616 4619
26017 26023
8862 8865
21982 21984
7038 7047
3275 3277
8082 8092
13481 13485
14892 14896
1975 1984
3463 3469
25642 25649
2073 2077
7330 7334
22457 22461
9604 9610
4402 4410
5254 5258
16526 16530
24376 24381
2868 2877
6435 6440
25089 25099
4169 4176
15106 15112
24387 24393
19399 19401
24806 24815
14084 14093
1104 1110
20302 20307
11678 11680
12643 12644
12079 12083
18957 18966
3540 3541
11181 11190
10496 10497
23350 23357
22844 22852
15900 15909
8393 8395
4231 4240
22795 22802
9669 9670
11847 11852
2680 2681
17104 17107
19035 19040
9063 9068
24319 24324
11782 11784
17545 17554
23495 23496
7636 7646
17602 17605
22789 22795
15472 15474
21073 21077
10641 10646
16613 16617
2454 2463
6791 6796
16866 16873
5671 5676
2745 2751
3382 3385
25661 25666
17557 17561
22907 22908
13580 13584
6717 6721
21445 21452
20946 20952
5743 5745
4663 4667
9885 9890
22195 22200
12998 13002
26164 26169
13610 13616
18811 18820
658 660
13233 13240
26040 26045
18872 18876
20409 20416
22041 22042
25362 25371
13934 13943
19098 19105
17087 17095
24230 24235
18366 18369
31 33
25454 25462
12431 12434
16632 16633
22757 22764
2444 2447
25043 25048
16617 16620
25384 25385
6105 6106
23177 23187
26583 26588
2042 2043
5882 5887
26362 26371
14736 14738
18579 18585
21663 21666
26353 26362
4294 4298
116 126
16790 16791
27037 27047
20564 20571
17330 17337
1095 1102
4630 4639
20497 20499
21941 21944
1550 1555
24698 24699
13102 13110
8787 8795
21357 21365
3693 3702
6543 6544
26588 26595
8401 8402
5461 5465
10869 10875
9653 9658
23648 23652
26251 26259
9572 9577
3408 3417
17543 17545
21797 21806
25106 25116
1404 1408
16226 16236
4642 4650
12918 12927
1420 1423
8553 8561
8073 8082
2316 2319
17156 17165
26653 26660
740 748
20658 20666
16465 16474
8971 8980
23720 23726
14661 14664
21526 21530
3331 3339
12602 12611
187 193
23867 23872
25745 25746
23616 23619
3571 3576
20638 20639
12439 12448
23982 23992
26178 26181
21226 21229
3923 3926
3168 3173
26216 26224
16765 16775
25892 25893
4344 4346
20416 20421
27551 27553
24582 24587
4176 4182
6327 6332
2242 2252
19010 19018
17432 17439
239 246
17733 17735
22338 22344
22480 22483
26615 26623
18733 18743
21530 21540
24815 24817
22203 22205
17439 17442
7798 7807
26266 26273
18345 18355
14242 14243
590 596
17123 17125
24742 24748
4859 4863
26572 26575
26046 26056
13357 13362
20119 20127
16725 16729
24715 24724
8765 8769
22020 22027
20231 20236
26606 26615
23652 23657
25894 25896
18148 18150
24262 24263
24729 24736
10289 10296
6962 6964
7113 7123
18685 18693
5855 5860
25349 25353
23588 23593
24272 24273
10013 10020
1408 1416
701 709
8859 8862
9090 9096
11226 11235
8092 8093
12670 12679
14185 14190
8390 8393
7179 7182
4162 4169
23357 23361
6864 6874
2953 2960
310 319
15083 15091
831 839
1019 1023
27274 27275
12014 12022
19865 19870
16977 16984
24406 24416
17111 17119
18 26
22094 22103
8622 8625
17451 17460
2947 2953
3739 3741
7779 7782
18920 18926
12075 12078
9966 9973
9978 9987
5117 5126
4893 4901
23759 23764
1759 1761
10782 10790
14450 14454
6777 6785
1045 1049
3213 3214
5397 5399
11508 11512
3154 3161
11356 11361
7032 7038
5058 5068
22003 22006
5161 5162
19899 19907
660 661
15803 15806
10543 10549
10195 10205
25313 25320
12272 12279
24034 24039
26331 26332
3830 3838
12215 12220
864 868
26644 26647
23606 23607
5177 5185
3899 3902
12801 12807
11878 11880
7996 7998
2715 2719
10790 10797
8936 8945
5762 5771
1682 1689
1502 1503
6551 6552
18483 18492
5340 5346
11453 11457
1831 1833
2907 2909
8920 8928
12022 12029
24674 24682
690 696
8190 8192
12969 12974
19752 19756
10366 10371
23158 23163
7758 7767
2335 2341
13560 13569
12361 12369
24013 24019
21211 21216
7880 7884
23496 23502
24786 24793
14504 14505
6752 6753
1204 1214
12480 12485
13636 13639
22771 22775
26738 26748
18810 18811
2213 2215
12904 12909
18060 18062
20464 20474
4264 4273
3167 3168
7047 7055
12208 12215
19693 19694
24344 24348
22124 22128
10277 10279
8253 8258
16391 16401
19283 19285
17477 17484
19678 19680
7623 7628
15549 15559
26422 26430
5465 5467
25693 25700
2790 2791
1821 1830
16411 16415
5588 5589
14982 14989
19245 19252
22375 22382
15970 15976
19911 19919
14764 14769
1985 1991
27084 27090
20631 20637
24127 24132
8296 8303
18030 18034
24082 24092
9106 9110
23456 23462
7401 7405
18291 18300
2381 2390
25049 25059
12386 12394
26260 26266
3553 3555
10557 10560
13362 13364
11495 11505
20342 20348
20695 20702
25782 25785
15537 15541
9910 9914
22150 22151
25649 25657
22673 22675
16656 16660
16561 16567
18075 18079
2642 2650
3086 3094
2918 2926
12310 12320
1523 1531
1729 1735
11884 11891
8835 8842
26793 26801
21540 21543
18405 18415
3235 3242
16349 16353
16261 16270
18083 18088
18361 18366
18446 18452
19600 19606
24971 24972
9819 9828
14911 14914
19111 19118
3369 3373
15300 15302
5068 5072
12103 12107
24529 24537
14751 14757
19711 19721
8980 8988
15995 16000
18510 18516
20798 20806
12266 12272
4901 4907
27024 27033
24913 24922
16594 16602
3231 3233
9215 9217
18026 18030
105 109
20260 20266
7216 7223
22013 22020
18823 18824
3153 3154
3214 3219
15436 15446
2281 2291
10752 10755
152 157
8739 8745
4496 4500
22938 22942
21770 21777
10245 10247
17850 17853
24892 24899
4279 4282
11275 11279
1054 1064
17337 17338
18532 18533
5838 5844
18876 18883
6359 6361
18825 18830
3359 3363
208 213
15951 15954
26236 26245
2661 2667
16842 16852
9836 9837
22232 22238
6526 6530
18820 18823
7438 7439
24997 24999
15932 15940
12046 12055
22107 22115
23347 23350
4962 4972
6199 6204
18056 18060
24104 24106
2126 2132
14262 14264
10591 10600
3432 3440
5453 5456
1635 1644
23163 23170
202 205
13557 13560
8732 8733
8388 8390
25785 25786
3751 3757
16544 16551
20223 20231
27223 27231
22776 22778
20099 20103
9808 9811
7745 7751
487 488
3773 3774
26465 26475
9467 9471
3057 3058
23406 23410
16684 16685
14925 14932
27497 27498
14051 14056
7563 7573
3677 3687
22708 22710
12791 12801
12992 12995
1805 1809
8945 8949
22981 22982
25518 25524
6273 6275
17214 17216
4289 4292
1223 1230
246 255
25947 25955
5556 5559
9767 9772
27301 27306
23539 23541
21201 21211
27258 27260
10940 10943
5806 5811
18910 18913
12745 12755
18507 18508
8145 8155
16190 16197
7841 7846
16989 16996
20130 20131
940 947
24491 24497
10087 10093
12854 12862
12909 12913
3588 3593
15081 15083
21052 21056
16880 16886
20793 20798
10854 10862
15025 15029
4240 4244
19965 19972
23429 23433
11460 11466
21601 21603
17763 17768
25749 25751
6466 6472
8402 8410
4550 4554
22402 22412
15845 15852
2328 2330
19355 19364
23674 23682
748 755
26632 26636
27068 27073
24625 24627
15511 15519
25353 25357
661 670
12711 12720
20010 20020
16255 16261
18055 18056
5166 5167
4838 4847
17857 17864
25380 25384
3277 3281
22821 22830
22954 22962
6459 6466
22184 22191
4495 4496
5486 5495
25121 25129
5406 5412
2435 2442
1648 1658
17235 17239
4562 4568
17422 17426
9931 9936
7738 7743
9471 9479
11354 11356
9539 9547
9997 9998
15738 15743
13599 13602
24425 24433
22889 22894
5786 5790
27252 27254
8842 8845
7965 7974
23549 23557
449 454
19262 19266
3890 3892
3707 3717
12138 12142
9616 9617
19346 19351
11352 11354
332 340
10381 10385
17281 17289
3302 3311
364 371
16934 16941
16480 16481
23999 24002
22925 22926
6332 6336
21666 21667
22903 22904
18674 18682
7605 7612
20613 20622
16401 16411
21953 21961
22582 22591
27486 27487
17946 17952
17882 17883
26776 26781
15503 15508
7029 7032
2853 2859
3731 3739
5670 5671
15219 15222
3607 3616
26636 26644
23484 23490
9138 9146
17936 17938
11085 11086
27541 27551
25684 25689
27469 27473
16602 16606
10669 10677
16033 16043
3819 3825
4854 4859
5771 5778
520 526
14774 14778
21680 21685
11266 11268
3250 3260
14301 14309
4619 4624
3672 3676
19874 19884
13867 13868
14367 14368
25479 25481
17338 17341
24587 24595
4325 4335
3447 3451
11161 11168
3909 3913
10649 10658
27063 27068
291 295
4526 4533
10737 10739
4379 4383
10483 10492
14222 14227
12575 12582
1849 1855
9171 9175
16091 16101
6440 6442
23946 23949
2483 2491
3880 3889
17195 17199
20599 20601
4031 4032
15921 15928
3451 3457
18585 18592
25279 25287
13301 13306
7518 7523
5317 5321
1916 1922
25985 25989
9509 9515
2522 2528
24201 24208
18183 18187
4315 4317
25320 25330
19472 19479
6370 6379
23326 23331
11059 11068
24972 24978
4907 4916
15212 15219
25823 25824
13407 13414
14117 14118
20552 20557
13283 13288
23338 23342
7984 7985
6180 6189
11217 11219
13002 13008
22483 22488
4479 4483
9740 9750
19315 19325
21806 21812
21653 21663
2492 2495
13031 13040
11772 11782
21416 21421
25038 25043
670 671
19292 19294
23742 23743
23402 23406
14505 14511
22874 22879
23317 23326
11422 11431
4094 4096
15330 15337
2726 2727
10720 10724
328 332
12644 12647
376 378
10398 10408
25445 25454
21587 21588
1809 1810
26187 26189
13632 13636
19821 19826
9601 9604
8371 8378
3864 3873
23303 23313
12512 12518
17165 17174
10921 10927
14199 14207
3801 3810
10502 10503
19128 19129
26500 26507
13930 13932
15400 15403
11695 11700
7581 7591
7910 7920
11791 11800
24865 24867
13306 13315
15637 15643
15898 15900
6581 6588
20236 20241
8124 8130
20443 20448
16753 16759
2084 2089
21353 21357
13979 13989
20852 20862
8482 8487
193 195
25876 25885
19498 19507
9496 9498
15544 15545
262 268
7017 7021
14157 14167
12655 12661
18437 18446
8378 8381
21978 21982
7123 7133
15837 15845
20377 20384
26388 26395
24635 24640
25760 25763
13680 13686
15322 15330
27173 27178
14093 14102
10556 10557
25306 25309
23686 23696
24938 24941
22920 22925
9000 9007
575 584
13686 13688
27342 27351
10264 10274
12352 12355
8856 8859
25874 25876
23170 23177
20893 20903
20916 20923
13767 13773
22055 22062
20059 20064
5413 5417
23800 23808
24223 24230
12255 12264
9116 9118
16067 16076
10100 10108
5038 5044
21577 21581
21768 21770
1352 1353
6915 6916
1396 1397
9359 9364
27244 27247
5865 5874
5927 5928
18480 18483
20972 20977
24160 24168
23781 23791
19231 19235
24657 24667
10646 10649
15224 15233
26848 26855
13675 13676
14309 14314
16208 16218
3219 3221
7253 7258
25233 25237
23579 23588
22904 22905
12545 12551
19735 19740
12862 12868
2977 2987
15795 15803
13702 13709
4244 4247
18917 18920
25611 25614
11582 11585
16166 16174
14533 14534
14603 14606
13364 13370
3199 3209
20719 20729
4210 4218
14996 15005
12487 12490
470 474
22151 22155
22936 22938
16949 16950
24780 24786
17708 17712
20448 20455
14018 14028
16384 16391
12113 12116
11116 11124
26894 26899
7503 7505
13794 13797
3533 3540
20989 20990
7650 7659
18522 18525
26008 26015
15284 15292
7204 7214
7061 7068
11068 11077
16682 16684
19695 19705
22879 22889
21581 21587
16530 16532
2229 2234
3027 3036
13219 13223
25498 25508
20750 20756
25588 25598
21724 21731
3992 4001
11361 11365
21552 21561
4546 4550
13699 13702
23887 23896
23716 23720
24608 24611
4335 4340
3339 3346
24999 25003
19884 19891
7456 7464
8783 8787
21402 21406
19922 19924
15382 15388
25854 25859
26069 26071
255 262
3626 3628
18606 18608
20307 20312
11936 11941
18503 18507
4758 4765
12896 12904
7014 7017
1959 1966
27498 27504
23071 23075
9016 9023
10972 10982
13672 13674
1492 1502
4660 4663
9929 9930
24988 24994
8051 8053
16918 16923
1240 1247
14175 14179
11384 11391
3162 3167
20202 20206
22787 22789
16253 16255
13327 13335
23273 23279
24507 24510
596 599
6058 6061
4011 4018
12820 12824
20785 20793
2442 2444
23709 23712
7317 7325
20668 20671
16131 16137
5009 5011
4138 4141
24285 24291
14322 14332
21909 21911
14393 14396
5864 5865
2179 2183
9987 9995
11615 11616
21178 21184
16286 16295
14147 14157
2341 2344
22128 22135
4568 4576
21365 21367
20521 20529
5821 5822
18266 18274
17253 17257
8396 8401
8431 8437
23602 23606
21321 21329
15498 15503
19208 19214
27147 27155
25268 25269
27517 27521
13228 13233
27033 27036
5011 5020
1049 1054
4997 5000
7380 7381
20806 20809
3547 3553
6544 6551
7334 7343
19933 19936
23187 23189
11680 11681
7103 7113
20036 20045
17712 17717
19526 19533
18770 18771
21519 21526
2850 2853
7464 7473
7827 7837
11891 11897
22506 22516
22164 22165
8845 8848
462 467
21785 21787
129 135
796 798
15881 15886
8719 8726
27553 27561
4110 4116
8312 8318
2143 2146
24107 24111
19065 19067
4737 4742
844 854
8318 8324
17460 17461
3006 3015
19593 19600
3137 3144
15774 15783
24978 24988
19294 19300
2133 2143
3541 3547
6966 6970
26332 26336
17363 17365
14077 14084
16026 16032
14483 14488
22567 22572
17442 17449
5115 5117
13998 14000
25003 25005
15207 15212
26071 26081
5504 5514
24510 24517
10322 10332
409 411
18842 18843
9629 9638
23383 23392
23541 23545
18521 18522
17903 17910
4785 4790
12083 12093
26698 26707
21040 21042
10350 10356
22289 22293
9940 9946
4730 4736
13075 13081
9396 9397
13486 13488
4026 4031
19782 19791
4223 4225
15766 15772
9271 9281
2672 2674
18893 18900
14593 14603
13797 13801
8625 8635
17645 17648
24627 24635
13336 13345
15077 15081
11214 11217
13061 13066
4432 4438
10797 10800
12126 12132
21400 21402
23095 23098
26189 26198
2164 2165
22780 22787
13838 13844
20775 20785
25772 25782
10625 10626
11530 11534
24448 24453
4751 4758
5152 5155
17257 17265
14013 14018
6346 6355
26564 26572
21421 21431
2771 2779
20455 20464
22685 22694
352 354
19853 19856
18302 18305
8820 8822
6379 6388
11664 11668
17199 17209
12409 12416
22669 22673
9847 9857
85 94
19705 19711
13602 13609
174 175
16729 16733
26081 26083
15508 15511
11547 11557
12264 12266
8618 8622
3311 3314
7391 7401
20529 20539
8213 8220
1626 1635
6997 7007
15348 15350
22613 22617
7807 7817
17638 17645
15120 15125
24178 24182
2814 2823
17299 17300
27277 27287
22497 22500
3314 3324
18421 18427
24650 24657
19533 19543
25626 25630
5721 5725
13060 13061
15829 15832
8027 8037
20116 20119
22664 22669
1301 1306
15029 15037
21411 21413
9930 9931
9901 9910
23773 23781
16791 16797
19351 19355
17586 17593
6744 6752
18326 18335
11616 11623
9624 9629
6661 6662
8462 8471
18402 18405
15569 15578
3426 3432
784 792
11564 11574
9447 9456
5586 5588
3838 3843
13779 13789
5380 5384
18376 18384
8527 8530
18996 19005
11724 11729
25676 25684
5399 5406
1176 1178
6916 6920
8289 8296
24941 24947
23279 23286
27534 27541
19612 19622
18785 18792
1797 1804
15265 15274
10237 10238
17727 17733
16924 16930
20810 20816
2877 2887
26577 26583
23562 23570
8570 8577
166 174
14470 14476
3587 3588
23490 23495
21761 21768
14534 14535
19308 19315
3724 3729
2796 2803
26691 26698
27293 27301
9737 9740
16335 16342
25260 25262
14733 14736
3242 3250
23827 23832
11321 11326
474 477
21840 21848
2555 2561
6171 6173
27047 27052
24063 24071
11995 12003
5356 5360
13609 13610
16715 16720
19907 19911
21020 21024
25468 25475
20539 20541
11812 11813
20001 20005
2624 2633
8346 8354
13180 13186
9189 9192
10817 10827
8503 8509
23229 23235
16116 16125
20809 20810
14664 14670
26623 26625
16761 16765
13860 13867
8865 8871
13199 13209
6644 6653
11281 11284
8800 8810
22467 22469
8610 8618
17095 17098
24071 24079
23008 23015
19028 19035
61 66
1178 1184
6726 6731
20876 20879
12355 12361
11147 11153
14606 14616
15978 15986
13762 13767
23925 23930
2077 2084
9857 9866
21124 21134
19856 19864
5565 5567
10908 10917
27493 27497
21460 21464
20952 20958
14344 14348
9811 9818
2146 2147
8267 8277
19214 19222
2319 2322
9397 9398
14849 14857
17561 17565
25575 25579
27098 27108
17265 17271
2960 2967
17142 17144
21822 21832
25378 25380
11542 11547
15060 15062
6736 6737
3132 3135
17144 17148
14068 14077
27419 27424
1991 1999
10035 10044
18553 18554
1079 1088
15171 15179
25377 25378
8199 8204
11202 11206
23942 23943
5778 5786
10918 10920
26522 26527
11880 11884
20562 20564
25755 25758
23872 23879
18554 18557
21229 21233
6035 6042
19606 19612
20290 20296
16538 16544
15852 15853
11256 11261
27373 27381
23119 23123
19663 19668
14128 14133
8509 8519
4274 4279
8228 8238
5574 5578
6668 6670
26682 26685
17125 17132
12485 12487
635 636
8699 8700
22238 22242
12426 12431
2727 2729
16752 16753
23004 23008
3328 3331
6653 6659
2061 2064
14576 14583
9409 9416
1587 1590
18168 18173
19401 19409
738 740
11671 11677
11402 11411
4263 4264
25971 25976
8414 8415
10961 10970
17605 17613
3484 3487
25833 25839
5000 5009
25533 25539
16358 16367
13259 13266
10600 10606
13317 13327
4060 4066
975 978
23524 23529
3396 3401
25239 25249
27334 27336
27504 27505
9719 9724
14569 14573
2499 2504
5393 5397
16476 16477
4489 4493
22547 22556
25462 25468
24364 24367
10186 10195
12279 12284
18192 18198
10699 10709
3281 3291
22655 22664
1894 1895
1454 1460
7096 7103
6106 6115
1322 1328
26311 26316
22103 22107
1037 1045
5894 5899
19018 19028
10800 10802
3004 3006
17484 17485
11219 11226
19439 19440
26781 26789
22617 22627
22431 22432
3175 3181
24028 24034
18173 18183
5811 5813
14566 14569
5131 5140
27267 27274
22809 22810
3936 3944
10238 10245
11365 11368
13451 13458
22033 22037
12369 12379
19567 19575
12284 12290
26595 26599
12190 12199
23379 23383
12661 12670
7702 7704
23764 23769
11762 11768
20127 20130
11875 11878
8682 8684
7734 7737
8756 8765
7414 7421
25395 25400
17216 17219
2465 2474
10385 10389
11756 11762
13870 13874
11668 11671
12883 12888
3593 3597
26944 26954
16733 16735
22416 22423
10300 10304
11977 11987
7405 7410
21024 21034
23682 23686
27513 27517
10464 10472
17924 17927
12628 12631
24847 24850
18501 18503
3301 3302
24860 24865
23235 23241
20356 20359
19339 19340
6089 6091
769 773
15428 15429
2413 2420
5980 5981
14702 14705
23241 23244
18387 18395
16060 16064
14059 14068
27132 27142
4509 4512
2111 2116
14960 14968
12394 12400
6309 6319
25330 25338
13616 13618
1121 1131
1147 1152
23769 23773
17054 17057
26980 26990
15541 15543
6129 6133
3135 3137
7007 7014
18654 18659
16000 16008
1162 1170
1700 1709
7214 7216
24092 24098
3657 3661
20968 20972
5874 5882
629 635
24194 24201
5140 5147
23529 23539
18856 18859
7725 7730
16804 16807
23313 23317
7199 7200
10896 10901
27157 27159
3363 3365
17366 17375
26484 26489
17073 17081
19300 19308
3377 3382
8058 8065
21594 21601
8181 8190
20474 20478
26685 26691
13932 13934
5732 5734
7142 7152
10296 10298
22001 22002
23244 23245
24840 24847
1064 1071
13424 13433
22995 22997
20296 20302
19005 19010
24098 24104
20862 20872
6753 6758
10453 10459
9038 9045
3873 3880
382 386
1488 1492
21109 21110
13716 13724
20045 20047
18848 18850
12582 12588
27479 27486
8700 8705
22304 22313
11800 11802
3959 3960
3926 3931
21056 21057
17971 17978
27006 27015
14133 14137
24453 24462
17837 17839
16477 16480
16182 16190
16300 16303
27261 27267
8705 8711
8726 8732
5349 5352
9700 9702
14256 14262
13961 13971
6361 6363
13030 13031
3181 3189
2848 2850
6832 6839
3763 3767
1364 1370
20103 20112
5244 5254
26451 26453
17565 17570
5619 5625
7720 7723
21319 21321
23821 23827
26299 26305
10569 10575
16448 16455
5048 5057
15360 15362
14221 14222
18792 18797
1384 1393
19756 19761
21481 21491
5967 5972
7985 7994
1779 1788
16593 16594
227 229
4182 4184
10661 10669
20133 20142
18592 18594
21241 21248
11715 11724
20747 20748
9076 9080
23817 23821
477 478
19168 19174
23438 23447
4951 4956
26547 26554
4282 4289
21787 21797
15062 15071
3209 3213
729 738
26899 26904
18474 18475
21667 21676
11143 11147
18415 18421
11310 11314
1999 2008
17866 17868
15011 15019
16048 16051
9948 9958
397 402
7878 7880
26343 26353
10408 10416
27231 27236
13275 13280
26442 26451
25252 25260
14362 14367
6257 6262
21571 21577
24462 24471
1861 1870
17958 17960
9033 9036
2363 2372
16137 16142
2183 2191
14454 14462
25938 25940
7595 7605
17768 17778
7072 7080
10443 10448
26068 26069
10416 10423
17409 17415
6397 6404
15278 15284
20692 20694
13414 13420
17666 17675
24724 24729
4813 4821
1184 1194
18206 18212
14583 14593
24119 24127
22699 22700
15091 15098
8949 8956
2719 2725
6170 6171
23712 23714
16941 16949
15292 15300
19807 19812
10125 10128
17717 17727
8745 8746
15733 15738
9239 9240
16620 16626
5692 5702
10943 10945
1984 1985
3661 3664
585 586
10583 10591
7529 7536
19622 19627
19798 19802
24796 24806
9617 9624
8015 8022
3161 3162
1418 1420
9866 9870
17994 17999
26379 26388
21067 21071
25287 25292
21603 21607
342 352
5430 5438
22242 22250
1230 1240
9937 9940
5920 5927
14214 14215
11268 11271
4639 4642
22972 22981
19812 19819
12093 12103
25048 25049
26208 26216
12111 12113
17449 17451
3036 3037
23138 23139
8192 8199
5219 5228
1810 1812
14462 14470
1453 1454
13011 13016
6678 6687
22143 22150
6564 6571
18824 18825
3109 3114
1555 1564
25205 25208
24543 24548
16930 16934
19802 19805
5192 5201
10564 10569
11457 11460
18088 18092
20933 20938
10683 10692
19423 19429
7410 7414
17463 17471
8238 8243
10827 10832
14118 14128
4847 4854
24218 24222
12846 12854
14904 14911
15707 15709
6785 6787
6737 6744
6363 6370
14920 14921
7164 7170
21155 21157
26061 26068
26554 26564
11134 11143
18743 18749
7577 7581
6523 6526
13844 13845
933 940
20005 20010
15388 15392
23714 23716
9878 9884
16641 16650
14744 14751
25897 25899
8658 8665
19040 19044
3225 3231
12888 12895
15249 15257
10606 10614
5283 5293
6150 6154
2833 2837
18015 18017
646 651
497 506
5020 5028
17415 17422
26762 26763
3810 3819
3496 3502
24602 24608
4624 4630
26919 26928
22390 22396
16051 16060
26725 26735
23593 23601
17081 17087
22522 22527
23455 23456
18034 18037
25442 25445
18001 18005
21907 21909
15891 15898
2447 2454
3061 3071
25168 25169
14678 14686
3783 3793
7362 7363
26015 26017
23090 23095
23517 23519
20190 20197
12240 12247
7021 7025
22721 22730
6672 6678
9377 9386
16971 16977
4355 4359
11028 11037
23629 23637
12687 12693
6769 6777
9695 9700
17883 17893
4696 4702
6816 6822
14227 14232
20903 20913
14033 14041
10513 10519
200 202
16326 16335
8130 8137
5155 5159
9515 9524
18399 18402
25896 25897
22862 22865
19721 19729
14207 14208
2372 2381
14384 14393
18535 18541
6067 6071
16236 16245
12807 12810
13951 13961
2147 2155
1379 1384
13665 13672
16081 16086
22155 22161
24252 24255
11263 11266
5914 5920
26810 26819
16797 16804
16142 16151
26154 26157
26033 26040
19585 19593
24537 24543
17227 17235
21165 21172
19174 19181
1946 1952
3741 3745
671 681
15610 15615
15853 15863
25919 25926
25966 25969
3825 3828
3767 3771
4972 4980
19656 19659
8598 8602
18508 18509
6291 6299
13349 13357
3520 3526
18609 18612
9777 9786
15412 15422
18150 18159
6731 6736
4410 4416
1293 1301
19276 19283
6212 6222
19077 19082
229 239
23739 23742
25029 25031
2301 2306
4396 4402
12913 12918
10678 10680
27320 27327
11905 11915
1695 1700
10992 10998
6706 6716
686 690
27330 27334
7935 7940
3047 3057
5472 5474
24955 24965
4536 4542
24831 24840
20326 20335
6173 6179
9786 9793
24770 24771
11677 11678
21643 21653
11852 11859
13145 13154
6209 6211
7628 7636
1349 1352
11379 11384
13584 13593
16415 16424
5797 5798
12765 12773
8819 8820
17471 17477
5293 5296
2674 2680
6899 6907
295 296
20431 20440
17554 17557
26146 26154
8755 8756
2215 2223
23909 23915
14007 14013
8007 8015
23557 23562
1676 1677
27306 27314
15149 15157
11077 11085
18127 18135
5083 5085
1590 1600
13464 13471
5758 5762
287 288
1354 1364
16693 16696
25956 25962
18966 18974
2400 2408
16589 16593
15167 15170
22296 22304
14769 14774
13534 13542
26735 26738
6247 6255
1709 1710
22427 22431
2602 2612
23081 23090
8552 8553
2478 2483
8324 8330
26625 26632
19729 19735
23259 23265
8277 8285
19740 19743
18317 18324
24047 24054
22647 22648
13737 13742
5371 5379
6071 6080
11341 11349
16032 16033
6846 6851
22321 22331
18159 18168
7182 7192
16785 16786
5665 5670
10880 10888
16342 16349
24348 24355
23220 23222
17999 18001
19252 19262
2496 2499
24327 24335
15705 15706
506 512
10888 10896
21431 21439
5907 5914
13447 13449
7429 7431
1029 1037
13290 13298
12764 12765
13925 13928
8488 8495
12824 12825
26169 26178
12034 12037
6881 6884
9310 9320
3913 3915
18551 18553
822 831
10677 10678
4303 4312
8956 8958
17385 17391
18771 18780
11314 11321
14721 14723
26398 26404
25347 25349
16720 16725
21375 21385
15422 15428
14623 14631
18375 18376
6606 6608
1263 1270
10875 10877
19044 19051
2804 2810
17819 17828
21465 21474
1480 1488
11153 11161
15463 15467
1577 1585
2887 2890
15602 15610
25598 25605
14348 14357
3071 3076
2699 2706
25031 25038
27122 27132
804 811
3555 3557
11963 11968
4366 4371
7998 8000
9045 9055
2094 2101
9199 9205
20400 20409
16852 16856
23123 23132
25992 25997
22965 22966
7613 7623
14705 14714
2253 2263
20359 20368
13884 13894
1472 1476
11641 11649
6577 6581
18780 18785
10739 10743
23195 23200
14360 14361
8037 8041
18808 18810
7515 7518
25099 25106
25539 25544
25202 25205
16532 16538
8420 8421
22423 22427
5412 5413
23853 23859
12175 12181
9464 9467
10134 10137
12529 12537
6787 6791
24335 24344
1927 1931
4050 4060
23399 23402
16963 16964
7909 7910
15479 15488
6721 6726
3897 3899
7685 7690
1433 1437
22962 22965
17790 17793
23417 23423
9958 9962
27367 27373
4359 4360
19223 19231
3270 3275
14426 14427
25416 25420
25666 25676
22905 22907
9245 9253
23362 23364
15363 15369
3843 3853
15351 15360
14539 14548
13378 13383
2353 2363
10805 10814
14378 14384
5500 5504
4927 4930
14830 14838
26990 26998
25748 25749
12868 12873
2132 2133
25614 25615
7974 7984
2659 2660
21777 21781
13845 13855
6001 6010
21911 21912
3717 3724
14820 14830
1460 1462
7751 7758
14292 14301
15866 15869
9638 9639
21543 21549
24417 24425
1113 1120
12611 12617
23210 23217
15789 15795
11611 11615
21042 21052
24026 24028
22695 22699
25527 25533
15559 15569
21612 21622
16245 16253
24769 24770
9489 9495
9293 9302
20368 20377
11987 11995
17289 17299
12601 12602
7055 7061
8587 8588
25129 25131
7287 7297
11393 11402
2902 2907
6429 6435
19152 19159
478 487
14535 14539
20541 20543
8822 8829
9762 9767
14947 14950
15719 15729
16474 16476
8577 8578
23047 23056
4602 4606
5589 5597
18277 18286
25298 25306
16202 16208
14875 14885
22272 22277
18974 18980
2781 2785
13922 13925
9818 9819
20251 20260
27260 27261
22165 22168
22443 22453
4937 4944
18395 18396
9118 9128
20512 20519
22412 22416
5928 5936
16735 16743
15878 15881
9553 9555
11108 11116
13154 13161
5616 5619
14757 14764
3915 3921
19647 19656
8779 8783
24079 24082
16711 16715
16886 16896
26437 26442
24222 24223
18062 18068
2408 2413
5258 5266
26662 26667
13709 13716
16650 16651
8410 8414
13051 13060
9830 9836
25565 25575
4091 4094
10680 10681
7817 7827
11421 11422
1370 1379
14102 14107
13315 13317
8538 8547
21077 21078
4744 4751
9175 9179
15647 15654
11956 11963
17107 17111
22778 22780
3440 3447
5321 5331
9610 9616
25481 25487
5028 5038
5384 5393
21308 21314
12456 12462
3889 3890
20114 20116
19462 19465
24381 24387
19645 19647
10022 10026
10339 10340
19870 19874
9897 9901
18396 18399
21877 21882
773 776
1922 1927
1548 1549
10044 10052
11014 11017
24873 24880
2521 2522
13209 13210
17395 17401
14171 14175
23245 23253
7178 7179
3510 3520
27275 27277
6964 6966
14896 14904
8041 8045
20872 20876
18384 18386
12379 12386
7612 7613
4554 4562
21385 21393
22205 22212
24932 24938
12762 12764
11239 11240
354 360
9750 9754
15338 15348
22469 22475
26056 26061
23504 23509
23919 23920
8303 8311
11733 11736
16681 16682
10862 10863
9435 9437
7488 7498
3502 3506
21078 21082
18943 18950
1340 1349
1564 1571
10093 10100
17098 17104
2495 2496
22286 22289
8495 8500
9702 9704
8675 8678
14401 14410
24393 24401
7670 7676
3076 3086
18477 18480
13827 13833
21692 21697
6154 6163
20170 20176
7790 7792
15179 15182
8225 8228
14191 14194
8795 8796
8829 8835
13915 13922
21189 21195
20587 20594
7170 7172
13420 13424
10423 10427
24175 24176
10814 10817
4201 4210
26931 26938
2660 2661
24709 24715
9555 9563
11190 11195
9547 9553
6563 6564
24953 24955
22284 22286
8519 8527
2155 2160
7837 7841
21059 21066
10026 10035
16086 16091
22079 22089
10108 10117
12132 12138
5643 5652
17702 17708
11859 11866
23056 23060
13676 13680
21066 21067
16660 16663
15578 15588
17841 17843
6018 6025
18541 18543
441 449
19684 19693
23920 23925
16896 16905
6510 6514
22283 22284
1966 1967
20923 20933
16626 16632
2528 2538
15310 15315
13129 13136
26141 26146
19627 19635
27424 27433
23943 23944
4340 4344
11602 11611
13081 13089
9425 9431
21095 21102
19479 19486
6042 6050
8471 8474
13593 13599
9080 9081
15037 15046
15242 15249
27178 27188
5456 5461
20543 20552
24308 24314
16125 16131
19194 19201
9916 9925
2570 2576
23477 23482
13066 13072
8500 8503
11168 11172
13210 13219
5609 5615
15523 15527
2016 2020
2859 2868
12320 12330
5630 5633
18846 18848
11023 11028
14190 14191
1416 1418
26031 26033
23375 23379
14968 14974
16295 16300
20131 20133
7451 7456
2633 2642
21868 21877
19082 19090
21082 21088
12490 12494
26789 26793
28 31
10082 10087
22089 22094
13008 13011
6571 6577
18386 18387
4087 4091
15055 15060
12416 12426
3189 3199
7502 7503
24363 24364
21057 21059
983 988
16322 16326
22716 22721
25249 25252
22491 22496
17652 17660
10835 10838
21137 21145
25738 25742
16438 16448
13882 13883
2038 2042
22516 22522
3774 3783
19285 19292
27417 27419
22432 22434
4038 4042
15986 15995
4425 4432
9524 9529
26660 26662
15751 15757
12434 12439
12995 12998
17843 17850
16984 16989
19429 19439
4074 4075
25722 25726
7172 7178
20350 20355
3648 3657
24923 24932
2967 2975
5578 5581
8602 8610
16376 16384
11705 11708
21984 21991
9570 9572
21832 21840
2589 2595
25893 25894
586 590
5734 5743
6272 6273
15589 15592
5093 5102
915 922
21035 21040
18980 18989
26404 26407
24113 24115
13021 13030
22335 22338
24434 24438
26181 26187
23467 23477
20478 20484
467 470
10179 10186
1885 1894
14548 14556
18594 18595
26911 26919
25819 25823
12142 12149
14443 14450
20884 20893
26025 26031
25489 25496
10692 10699
15687 15694
21751 21761
5551 5556
7925 7933
5936 5946
16905 16910
13191 13199
10709 10714
6943 6953
25997 26002
5072 5077
24255 24262
21706 21716
17738 17747
213 215
25729 25738
2252 2253
4873 4882
6501 6510
12963 12965
5346 5349
2847 2848
14427 14437
16197 16202
18110 18111
12640 12643
16651 16656
13136 13145
8693 8697
21395 21400
26112 26121
15302 15310
26529 26538
12537 12545
7161 7164
6530 6535
12504 12507
3795 3801
3793 3795
21413 21416
10251 10257
5102 5104
1306 1310
18645 18652
5713 5721
16278 16282
4313 4315
10448 10449
7646 7650
7343 7353
22064 22066
4418 4420
13868 13870
22713 22716
23110 23119
23548 23549
6051 6057
18622 18626
7243 7253
13298 13301
19635 19645
8906 8910
26475 26483
3944 3954
19486 19488
5109 5114
23930 23936
8894 8896
9364 9368
25763 25772
23850 23853
19190 19194
11512 11521
1690 1694
12965 12969
27291 27293
2322 2328
11102 11108
13727 13735
20773 20775
20977 20981
17426 17432
7730 7734
17872 17882
5652 5658
4807 4808
6884 6889
23949 23958
2052 2059
3902 3909
22852 22859
25273 25279
9232 9239
11681 11691
20284 20290
12773 12782
9828 9830
4987 4997
18693 18700
13016 13021
21640 21643
5420 5430
22006 22013
4247 4252
21255 21256
13168 13171
25721 25722
15462 15463
22042 22045
11441 11451
15259 15265
20047 20049
10726 10735
17793 17802
23702 23709
12181 12190
24522 24529
2234 2242
7789 7790
22748 22757
22556 22562
1247 1250
4826 4835
2160 2164
20319 20326
2064 2073
9036 9038
20503 20512
22037 22041
19522 19526
13528 13534
26673 26682
4116 4122
22464 22466
14488 14493
20571 20581
3390 3396
654 658
4103 4110
17625 17628
19060 19065
13398 13407
23610 23616
21145 21155
15133 15139
22542 22543
7371 7379
25262 25265
18595 18598
20639 20648
17226 17227
22231 22232
21344 21353
19891 19899
25020 25029
2911 2918
9890 9897
10279 10289
17539 17543
27505 27513
1468 1472
8796 8800
21915 21923
10549 10556
1812 1821
22200 22203
14844 14849
1756 1759
2667 2672
22293 22296
14802 14809
13639 13644
13471 13481
17381 17385
27448 27455
25786 25791
11037 11042
6456 6459
24947 24953
22216 22220
17754 17763
10177 10179
26575 26577
9479 9489
27442 27448
8311 8312
696 701
13928 13930
7152 7160
8208 8213
17806 17816
14498 14504
23342 23347
10310 10311
1541 1548
4669 4676
1837 1839
9670 9679
4200 4201
9837 9847
6623 6630
10933 10935
2650 2654
10332 10339
22764 22771
24850 24860
10451 10453
1353 1354
27108 27112
8053 8058
14196 14199
1462 1468
18147 18148
12507 12512
19946 19956
4606 4616
14511 14518
2344 2353
10070 10078
17209 17214
22168 22177
25420 25422
17660 17662
9240 9245
16856 16866
1512 1515
16968 16971
26835 26839
10064 10070
5543 5545
9023 9033
26839 26843
19805 19807
25116 25121
22062 22064
24019 24026
12012 12014
8928 8936
10227 10232
8000 8007
7704 7711
15139 15149
27487 27493
21944 21953
10133 10134
18830 18840
24558 24567
12733 12735
18300 18302
18913 18917
14692 14702
19842 19850
5104 5109
26338 26341
7479 7483
9973 9978
1945 1946
15694 15695
23696 23700
15592 15602
6080 6089
6493 6495
9083 9090
21882 21886
11594 11595
12466 12469
922 929
18543 18551
3771 3773
18666 18674
6874 6881
325 328
22360 22369
8810 8819
24054 24063
8285 8289
20221 20223
4871 4873
18850 18856
3015 3021
19389 19399
24137 24145
3690 3693
23142 23152
5208 5213
2020 2025
11489 11495
23032 23040
25137 25144
22488 22491
4445 4450
13121 13129
12479 12480
6319 6323
24002 24008
25890 25892
21923 21933
16105 16115
17119 17120
20064 20071
24442 24446
4066 4072
7381 7391
16514 16522
4128 4137
10614 10617
18927 18930
18212 18214
6124 6129
16101 16105
22562 22567
27336 27342
24168 24175
7994 7996
13773 13779
24623 24625
14738 14744
20421 20431
5528 5536
25176 25184
14556 14561
51 61
10274 10276
18840 18842
11831 11836
6613 6623
19053 19060
6442 6448
6355 6358
16481 16486
21474 21477
19181 19190
22611 22613
13971 13979
18286 18291
14728 14733
10298 10300
402 409
12518 12521
776 784
16672 16681
16759 16761
18231 18241
17960 17970
24153 24160
15446 15453
7776 7779
22802 22809
8115 8124
20079 20084
25978 25985
3584 3587
8474 8482
2595 2602
11201 11202
14523 14533
23570 23579
14268 14275
15393 15400
9113 9116
2729 2734
7933 7935
4048 4050
13272 13275
27561 27565
24869 24873
18900 18910
25184 25194
15662 15668
11736 11746
3564 3568
23743 23744
9577 9580
7483 7488
11633 11640
25624 25626
10525 10535
2615 2624
15729 15733
2274 2281
27361 27366
10147 10157
548 549
22225 22231
340 342
10304 10310
10743 10751
4597 4602
8447 8452
14691 14692
15403 15412
4360 4366
11279 11281
19993 20001
21886 21888
215 216
22461 22464
13179 13180
10877 10879
19972 19982
18493 18501
1531 1533
14786 14796
1255 1258
12588 12596
24042 24047
8 18
22737 22738
300 310
1023 1025
611 616
13040 13049
18652 18654
15823 15829
27159 27169
2736 2745
13688 13694
11411 11412
19676 19678
11235 11239
21509 21519
9529 9539
14493 14498
19235 19245
17853 17857
16663 16672
2309 2315
18626 18636
27532 27534
22177 22184
26707 26714
22456 22457
15654 15659
14041 14051
9217 9224
23027 23032
19222 19223
4576 4579
26722 26725
5266 5274
15046 15049
7363 7371
13907 13915
12829 12838
1663 1668
24132 24136
454 462
3960 3968
27188 27193
858 864
18612 18622
3637 3641
6936 6937
2706 2715
20156 20160
16424 16433
22818 22821
15157 15167
11431 11441
15429 15436
2330 2335
15811 15817
1658 1661
14418 14424
6358 6359
5981 5990
21812 21817
26964 26973
26316 26325
4184 4193
7743 7745
3576 3584
26928 26931
25839 25848
24298 24308
18079 18083
21000 21005
8171 8181
7025 7029
24595 24602
11968 11977
23700 23702
12679 12687
9128 9136
33 38
2430 2435
9734 9736
175 180
17501 17507
288 291
22951 22954
23286 23296
651 654
144 145
4667 4669
12782 12791
21292 21302
4124 4128
4468 4478
2505 2511
24291 24292
19956 19965
10535 10543
4253 4261
24235 24243
26886 26892
7676 7685
15467 15470
9962 9966
3221 3223
4083 4087
6133 6141
17348 17349
10321 10322
12158 12166
18509 18510
567 569
10055 10064
20818 20827
23152 23158
6767 6769
3597 3600
8022 8024
20694 20695
4776 4785
4579 4584
22220 22222
11246 11256
11897 11905
3616 3626
4009 4011
4596 4597
12078 12079
12407 12409
5710 5713
180 181
15519 15523
22865 22874
7859 7867
13072 13075
19575 19585
4956 4958
760 763
25194 25198
18724 18733
24189 24194
8437 8447
7068 7072
6920 6926
8354 8357
8243 8253
10879 10880
11872 11875
5185 5189
9368 9377
16696 16704
216 218
21014 21020
11840 11841
6163 6170
13894 13902
9707 9714
9505 9509
12624 12628
22930 22936
25962 25966
3469 3470
16775 16777
1870 1879
13115 13121
24008 24013
18254 18263
15772 15774
16817 16822
5379 5380
18769 18770
27433 27442
4389 4396
15863 15865
5239 5244
2926 2931
11521 11530
25630 25634
9281 9287
709 712
1393 1396
7240 7243
4882 4886
13049 13051
20816 20818
20601 20607
16076 16081
19791 19798
4346 4355
135 144
6822 6832
19342 19346
12927 12934
23361 23362
21071 21073
9416 9425
2941 2947
14809 14813
25940 25947
4790 4797
26763 26773
5445 5453
218 227
17893 17903
12700 12706
17735 17738
23665 23674
17816 17819
4533 4536
7268 7273
8896 8906
2463 2465
109 116
18369 18375
22926 22930
10998 11006
15644 15647
5057 5058
13496 13501
10834 10835
11373 11379
18101 18110
712 718
26754 26762
8357 8364
1503 1512
18452 18457
681 686
13833 13838
819 822
19864 19865
17839 17841
21817 21822
13240 13249
19067 19073
15757 15766
18048 18055
16606 16607
13390 13398
22894 22900
23992 23999
17952 17958
19761 19771
9658 9663
26002 26008
14232 14237
10459 10464
10953 10961
18198 18206
21858 21868
13902 13907
6796 6798
14865 14875
25801 25808
26226 26236
15886 15891
20637 20638
20274 20282
5167 5171
205 208
20026 20030
27465 27469
22382 22390
21781 21785
877 885
8871 8881
11335 11341
11242 11246
23958 23968
16779 16785
11926 11932
22997 23004
12055 12060
3094 3104
10320 10321
18749 18759
25708 25718
15832 15837
25969 25971
27381 27390
9754 9762
2975 2977
3037 3040
23436 23438
8381 8388
2823 2828
26273 26280
12037 12042
21561 21571
23108 23110
428 429
3401 3408
22344 22352
20557 20562
18715 18724
12696 12699
4252 4253
16837 16838
4493 4495
15376 15382
22543 22547
3470 3472
11271 11275
9253 9263
20440 20443
18950 18957
20160 20170
15233 15240
25915 25919
24761 24769
8364 8371
11172 11181
11836 11840
21005 21014
3687 3690
26157 26164
26107 26112
9398 9401
15337 15338
17970 17971
15198 15207
5299 5307
18989 18996
3702 3707
378 382
26098 26107
24890 24892
7306 7311
2029 2038
21233 21238
8848 8856
14950 14960
11941 11946
9690 9695
6275 6284
9870 9878
6851 6852
3373 3377
13822 13827
12330 12332
18492 18493
20840 20843
13458 13464
10433 10443
4298 4303
23132 23138
26864 26873
26998 27002
14476 14477
15527 15537
16751 16752
10257 10264
19772 19782
17778 17781
4218 4223
26973 26979
429 433
23791 23800
23842 23850
6558 6563
2612 2615
18092 18101
26417 26422
9055 9063
2191 2196
1605 1608
21195 21201
9736 9737
798 804
25758 25760
18457 18466
5514 5516
11466 11473
26462 26465
4650 4660
3040 3041
2785 2788
23395 23399
23968 23973
10847 10853
18142 18147
4072 4074
10052 10055
5658 5665
18859 18868
10658 10661
15098 15106
8160 8163
7867 7875
25217 25223
8421 8431
15545 15549
12290 12300
23944 23946
1735 1742
24314 24319
1279 1283
8258 8267
763 769
7536 7545
20581 20583
22369 22375
17493 17501
14216 14221
20049 20059
25904 25910
12631 12640
27399 27407
12247 12255
26483 26484
20355 20356
11700 11705
9724 9734
26938 26940
13735 13737
13578 13580
2420 2430
18187 18188
12300 12304
1140 1147
6670 6672
2474 2478
25164 25168
21034 21035
11368 11373
19159 19168
20671 20679
23936 23942
18608 18609
2205 2213
18427 18437
26599 26606
25657 25661
14410 14418
12166 12171
13249 13254
26513 26522
17573 17582
16019 16026
27521 27525
13280 13283
2101 2111
5147 5151
10078 10082
8137 8145
16046 16048
20879 20884
11784 11791
27209 27216
6687 6697
16567 16575
4423 4425
1858 1861
2306 2309
17065 17073
26325 26331
6204 6209
15677 15687
27145 27147
6057 6058
26083 26093
15706 15707
3291 3301
3557 3558
998 1002
1549 1550
19090 19098
12348 12352
25198 25202
26416 26417
25791 25800
6852 6854
7701 7702
6472 6481
2576 2581
1791 1797
17219 17226
4312 4313
25558 25565
66 70
3357 3359
569 575
20388 20398
24401 24406
20241 20243
1011 1019
3828 3830
15928 15932
4694 4696
6388 6397
5746 5752
1661 1662
6603 6606
9306 9310
16743 16751
5549 5551
5189 5192
19659 19663
26292 26299
19108 19111
10626 10634
25623 25624
1476 1480
2995 2999
5991 6001
7498 7502
20716 20719
7553 7556
12838 12841
11300 11310
19680 19684
755 760
10917 10918
20712 20716
25899 25904
26499 26500
11042 11052
4920 4927
18044 18048
26874 26881
6514 6523
25955 25956
22066 22073
4096 4103
20348 20350
16838 16842
9387 9396
24567 24573
18221 18231
10560 10564
636 646
17628 17638
272 281
10020 10022
1533 1541
22746 22748
9352 9359
9192 9194
10503 10513
9225 9232
9205 9215
22601 22611
16455 16458
1804 1805
15615 15622
5159 5161
15955 15963
17028 17038
17046 17054
11640 11641
6538 6543
14284 14292
13548 13557
16633 16638
7767 7776
10128 10133
2196 2205
21856 21858
21262 21272
9803 9808
7792 7798
9597 9601
25634 25642
7353 7362
9704 9707
27473 27479
18263 18266
27015 27024
5798 5806
21094 21095
10371 10381
2931 2935
2504 2505
13801 13807
20197 20202
70 78
7421 7429
1025 1029
388 397
8561 8570
10634 10641
26341 26343
14686 14691
24880 24884
16910 16918
22591 22601
25385 25395
17938 17946
1788 1790
9580 9589
12042 12046
9194 9199
24182 24189
6230 6237
21238 21241
22651 22655
10945 10953
4542 4546
14058 14059
15222 15224
181 187
5468 5472
4980 4987
3385 3390
21607 21612
22834 22839
1002 1011
25131 25137
26371 26379
15257 15259
12735 12745
1855 1858
22115 22124
27112 27122
12825 12829
25265 25268
7669 7670
19743 19752
8665 8675
5628 5630
1423 1428
19988 19993
1710 1712
10863 10869
23103 23105
24111 24113
6630 6634
5541 5543
14783 14786
3853 3862
27247 27252
94 95
23067 23071
23060 23067
16486 16493
1337 1340
21119 21124
23545 23548
16493 16498
4590 4596
5296 5299
4261 4263
5438 5443
13383 13390
6907 6915
27193 27200
25989 25992
12003 12012
11932 11936
25071 25079
3931 3936
3568 3571
24250 24252
13171 13179
2223 2226
26773 26776
15049 15055
14714 14721
9649 9653
22900 22903
16458 16465
21290 21292
8024 8027
26881 26886
13348 13349
549 557
15627 15636
6854 6864
4032 4033
17662 17666
8684 8693
26407 26416
23253 23259
6698 6706
5545 5549
411 420
7875 7878
6953 6962
21335 21344
10724 10726
5572 5574
27090 27098
22496 22497
7473 7479
7325 7330
4837 4838
10970 10972
24148 24153
12222 12225
18311 18317
12563 12566
7591 7595
22966 22972
19416 19423
12235 12240
15362 15363
24433 24434
7439 7446
26827 26835
27169 27173
433 441
5813 5821
1790 1791
2226 2229
16303 16312
4930 4937
4137 4138
3487 3496
5331 5340
2089 2094
5899 5907
1170 1176
16638 16641
6659 6661
5745 5746
954 959
18246 18254
17329 17330
5361 5362
3482 3484
6975 6982
25437 25442
19333 19339
27254 27258
5044 5048
21184 21189
24480 24486
21731 21735
16786 16790
17174 17178
11868 11872
12706 12711
22633 22635
12071 12075
8452 8462
17920 17924
7379 7380
9936 9937
23217 23220
9146 9156
3058 3061
9714 9719
20112 20114
23657 23665
17512 17520
23624 23629
19924 19926
626 629
13753 13762
1585 1587
13943 13951
13095 13102
718 727
17320 17329
21549 21552
19364 19368
25223 25233
7955 7965
7545 7553
19543 19553
23726 23732
22982 22987
3472 3476
25059 25067
14796 14802
21102 21109
1315 1322
21629 21638
25338 25347
16575 16576
19668 19676
10751 10752
12699 12700
11284 11287
6807 6808
23075 23081
512 518
24106 24107
17359 17363
22700 22708
6299 6307
27327 27330
1912 1916
14396 14401
19447 19453
5171 5177
21848 21855
157 164
12596 12601
25868 25874
1071 1079
978 983
8910 8913
7940 7948
15392 15393
25208 25214
24446 24448
10927 10933
10492 10496
11095 11102
3745 3751
2561 2570
281 286
24367 24376
23915 23919
4042 4048
21622 21623
14974 14982
17520 17526
6284 6291
6798 6807
25357 25362
