50
22048 22844
40232 40617
67581 68415
60542 61224
52304 52658
78538 79442
36487 37297
38925 39279
27695 27727
15370 15700
88796 89112
38616 38779
13675 14491
64187 64775
24419 25092
62491 63178
67069 67396
4540 5452
58661 59195
2780 2945
28082 28899
28556 29323
32181 32407
28389 29246
81827 82161
29163 30111
99278 99982
30720 31346
18042 18567
80417 81188
71579 72338
89892 90076
42597 42822
62409 63299
64491 64661
510 528
47532 48109
40731 40975
83018 83778
45304 45988
86306 87303
14687 15555
96471 96810
93391 93797
47985 48224
31738 32024
81809 82393
49486 49803
79202 79423
68995 69908
